0 11.7325
0 10.9954
0 10.9954
0 10.9954
0 10.9954
0 10.9954
0 10.9954
0 10.8941
0 10.8941
0 10.1966
0 9.8276
0 9.8276
0 9.8276
0 9.8276
0 9.8276
0 9.8276
0 9.8276
0 9.8276
0 9.34717
0 9.34717
0 9.34717
0 9.34717
0 9.34717
0 9.33361
0 8.61011
0 8.61011
0 8.61011
0 8.61011
0 8.61011
0 8.61011
0 8.61011
0 8.61011
0 8.61011
0 8.54348
0 8.18182
0 8.18182
0 8.18182
0 8.18182
0 8.18182
0 8.18182
0 8.18182
0 8.18182
0 8.02386
0 8.02386
0 6.82378
0 6.82378
0 6.82378
0 6.82378
0 6.82378
0 6.82378
0 6.82378
0 6.82378
0 6.82378
0 6.82378
0 6.82378
0 6.82378
0 6.82378
0 6.82378
0 6.82378
0 6.82378
0 6.82378
0 6.82378
0 6.82378
0 6.82378
0 6.82378
0 6.82378
0 6.82378
0 6.82378
0 6.82378
0 6.52337
0 6.52337
0 6.00178
0 5.28804
0 5.28804
0 5.28804
0 5.28804
0 5.28804
0 5.28804
0 5.28804
0 5.28804
0 5.28804
0 5.28804
0 5.28804
0 5.28804
0 5.28804
0 5.28804
0 5.28804
0 5.28804
0 5.28804
0 4.92966
0 4.92966
0 4.92966
0 4.92966
0 4.61404
0 3.94805
0 3.94805
0 3.94805
0 3.94805
0 3.94805
0 3.94805
0 3.94805
0 3.4199
0 3.4199
0 3.4199
0 3.4199
0 3.4199
0 3.4199
0 3.4199
0 3.4199
0 3.4199
0 3.4199
0 3.4199
0 3.31288
0 3.31288
0 3.31288
0 3.31288
0 3.25742
0 3.25742
0 3.25742
0 3.25742
0 3.25742
0 3.25742
0 3.25742
0 3.25742
0 3.25742
0 3.25742
0 3.25742
0 3.25742
0 3.25742
0 2.96173
0 2.96173
0 2.96173
0 2.96173
0 2.96173
0 2.96173
0 2.96173
0 2.96173
0 2.1462
0 2.1462
0 2.1462
0 2.1462
0 2.1462
0 2.1462
0 2.1462
0 2.1462
0 2.1462
0 2.1462
0 2.1462
0 2.1462
0 2.1462
0 2.1462
0 2.1462
0 2.1462
0 2.1462
0 1.66271
0 1.66271
0 1.66271
0 1.66271
0 1.52511
0 1.52511
0 1.52511
0 1.52511
0 1.52511
0 1.17208
0 1.17208
0 1.17208
0 1.17208
0 1.17208
0 1.13719
0 1.13719
0 0.57382
0 0.57382
0 0.427197
0 0.427197
0 0.427197
0 0.427197
0 0.427197
0 0.427197
0 0.427197
0 0.427197
0 0.427197
0 0.383048
0 0.383048
0 0.383048
0 0.383048
0 -0.123141
0 -0.123141
0 -0.123141
0 -0.123141
0 -0.123141
0 -0.123141
0 -0.123141
0 -0.123141
0 -0.123141
0 -0.123141
0 -0.123141
0 -0.123141
0 -0.123141
0 -0.123141
0 -0.123141
0 -0.123141
0 -0.123141
0 -0.123141
0 -0.123141
0 -0.529743
0 -0.529743
0 -0.529743
0 -0.529743
0 -0.529743
0 -0.529743
0 -0.84523
0 -2.18713
0 -2.46308
0 -2.46308
0 -2.46308
0 -2.46308
0 -2.46308
0 -2.46308
0 -2.46308
0 -3.32482
0 -3.32482
0 -3.32482
0 -3.32482
0 -3.32482
0 -3.32482
0 -3.32482
0 -3.32482
0 -3.32482
0 -3.67506
0 -3.67506
0 -3.67506
0 -3.67506
0 -3.67506
0 -3.67506
0 -3.67506
0 -3.67506
0 -3.67506
0 -4.59421
0 -4.59421
0 -4.59421
0 -4.59421
0 -4.59421
0 -4.59421
0 -4.59421
0 -4.59421
0 -5.65724
0 -5.65724
0 -5.65724
0 -5.65724
0 -5.65724
0 -5.65724
0 -5.65724
0 -5.65724
0 -5.65724
0 -5.65724
0 -5.65724
0 -5.65724
0 -5.65724
0 -5.65724
0 -5.68306
0 -5.68306
0 -5.68306
0 -5.68306
0 -5.68306
0 -5.68306
0 -5.68306
0 -5.71847
0 -5.71847
0 -5.97889
0 -5.97889
0 -5.97889
0 -6.41245
0 -6.41245
0 -6.41245
0 -6.65311
0 -7.74594
0 -7.74594
0 -7.74594
0 -7.74594
0 -7.74594
0 -7.74594
0 -7.74594
0 -7.74594
0 -7.74594
0 -7.74594
0 -7.74594
0 -7.74594
0 -7.74594
0 -7.7641
0 -7.7641
0 -7.7641
0 -7.7641
0 -7.7641
0 -7.7641
0 -7.7641
0 -7.7641
0 -7.7641
0 -7.7641
0 -8.4183
0 -8.4183
0 -8.4183
0 -8.92461
0 -8.92461
0 -8.92461
0 -8.92461
0 -8.92461
0 -8.92461
0 -8.92461
0 -8.92461
0 -8.92461
0 -8.92461
0 -9.12937
0 -9.26654
0 -9.26654
0 -9.26654
0 -9.35866
0 -9.35866
0 -9.35866
0 -9.35866
0 -9.62442
0 -9.62442
0 -9.62442
0 -9.62442
0 -9.62442
0 -9.62442
0 -9.62442
0 -9.62442
0 -9.62442
0 -9.62442
0 -9.62442
0 -9.62442
0 -9.62442
0 -9.62442
0 -9.80209
0 -9.80209
0 -9.80209
0 -10.0857
0 -10.0857
0 -10.6544
0 -10.6544
0 -10.6544
0 -10.6544
0 -10.6906
0 -10.6906
0 -10.6906
0 -10.7825
0 -11.3284
0 -11.3284
0 -11.3284
0 -11.3284
0 -11.5181
0 -11.6322
0 -11.6322
0 -11.6322
0 -11.6322
0 -11.6322
0 -11.6322
0 -11.6322
0 -11.6322
0 -11.6322
0 -11.6322
0 -11.6322
0 -11.6322
0 -11.6322
0 -11.6322
0 -11.6322
0 -11.6322
0 -11.6322
0 -12.0349
0 -12.0349
0 -12.0349
0 -12.0349
0 -12.0349
0 -12.0349
0 -12.1244
0 -12.1244
0 -12.2641
0 -12.2641
0 -12.2641
0 -12.2641
0 -12.7051
0 -12.7051
0 -12.7051
0 -12.7051
0 -12.7051
0 -12.7051
0 -12.7051
0 -12.9677
0 -13.186
0 -13.186
0 -13.186
0 -13.186
0 -13.186
0 -13.186
0 -13.186
0 -13.186
0 -13.186
0 -13.186
0 -13.5773
0 -13.5773
0 -13.5773
0 -13.5773
0 -13.5773
0 -14.2779
0 -14.2779
0 -14.5868
0 -14.5868
0 -14.5868
0 -14.9012
0 -14.9012
0 -14.9012
0 -15.9242
0 -15.9242
0 -15.9242
0 -16.5511
0 -16.5511
0 -16.5511
0 -16.5511
0 -16.5511
0 -16.9831
0 -16.9831
0 -16.9831
0 -16.9831
0 -16.9831
0 -16.9831
0 -16.9831
0 -16.9831
0 -17.4221
0 -17.4221
0 -17.4221
0 -17.4221
0 -17.8926
0 -17.8926
0 -17.8926
0 -18.0611
0 -18.3215
0 -18.3215
0 -18.3215
0 -18.3215
0 -18.3215
0 -18.5763
0 -18.6715
0 -18.6715
0 -18.6715
0 -18.6715
0 -19.1865
0 -19.1865
0 -19.1865
0 -19.1865
0 -19.1865
0 -19.1865
0 -19.1865
0 -19.1865
0 -19.2409
0 -19.2409
0 -19.4233
0 -19.4233
0 -19.8575
0 -20.3694
0 -20.3694
0 -20.5841
0 -20.6416
0 -20.6416
0 -20.6416
0 -23.6315
0 -23.6315
0 -23.6315
0 -23.6315
0 -23.6315
0 -23.6315
0 -23.6315
0 -23.6315
0 -23.6315
0 -24.1688
0 -24.3686
0 -24.3686
0 -24.3686
0 -24.3686
0 -24.3686
0 -24.3686
0 -24.3686
0 -24.3686
0 -24.3686
0 -24.3686
0 -24.3686
0 -24.3686
0 -24.3686
0 -24.3686
0 -24.3686
0 -24.3686
0 -24.3686
0 -24.3686
0 -24.3686
0 -24.3686
0 -24.3686
0 -24.6849
0 -25.6908
0 -25.6908
0 -25.6908
0 -25.6908
0 -25.6908
0 -25.6908
0 -25.6908
0 -25.6908
0 -25.6908
0 -26.5523
0 -26.5523
0 -26.5523
0 -26.5523
0 -26.5523
0 -26.5523
0 -26.5523
0 -26.9819
0 -26.9819
0 -26.9819
0 -27.9077
0 -27.9077
0 -27.9077
0 -27.9077
0 -27.9077
0 -27.9077
0 -27.9077
0 -27.9077
0 -27.9077
0 -28.4336
0 -28.4336
0 -28.4336
0 -28.4336
0 -28.4336
0 -28.655
0 -28.655
0 -29.3555
0 -29.3555
0 -29.3555
0 -30.3046
0 -30.3046
0 -30.3046
0 -30.3046
0 -30.3046
0 -30.3046
0 -30.3046
0 -30.3046
0 -30.3046
0 -30.3046
0 -30.3046
0 -30.3046
0 -30.8606
0 -30.8606
0 -30.8606
0 -30.8606
0 -30.8606
0 -30.8606
0 -30.8606
0 -30.8606
0 -30.8606
0 -30.8606
0 -32.0735
0 -32.0735
0 -32.0735
0 -32.0735
0 -32.0735
0 -32.0735
0 -32.0735
0 -32.0735
0 -32.0735
0 -32.1199
0 -32.1199
0 -32.1199
0 -32.5835
0 -32.5835
0 -32.8732
0 -32.8929
0 -32.8929
0 -32.8929
0 -32.8929
0 -32.8929
0 -33.5565
0 -33.5565
0 -33.5565
0 -33.5565
0 -33.5565
0 -33.5565
0 -34.0305
0 -34.0305
0 -34.0305
0 -34.2025
0 -34.2025
0 -34.2025
0 -34.2025
0 -34.2025
0 -35.2016
0 -35.2016
0 -35.2016
0 -35.2016
0 -35.2016
0 -35.2016
0 -35.2016
0 -35.2016
0 -35.2016
0 -35.2016
0 -35.2016
0 -35.9965
0 -35.9965
0 -36.7746
0 -36.7746
0 -36.7746
0 -36.7746
0 -36.7746
0 -36.7746
0 -36.7746
0 -36.7746
0 -36.9146
0 -36.9146
0 -36.9146
0 -36.9146
0 -36.9146
0 -37.0659
0 -37.0659
0 -38.0949
0 -38.0949
0 -38.0949
0 -39.7665
0 -39.7665
0 -39.7665
0 -39.7665
0 -40.609
0 -40.609
0 -40.609
0 -40.609
0 -40.8528
0 -40.8528
0 -41.2043
0 -41.3538
0 -41.3538
0 -41.3538
0 -41.3538
0 -41.3538
0 -41.3538
0 -41.3666
0 -41.7271
0 -41.7271
0 -42.0958
0 -42.0958
0 -42.0958
0 -42.7535
0 -42.8178
0 -43.3577
0 -43.3577
0 -43.3577
0 -43.5581
0 -44.1893
0 -44.1893
0 -44.1893
0 -44.1893
0 -44.1893
0 -44.1893
0 -44.1893
0 -44.1893
0 -44.1893
0 -44.1893
0 -44.1893
0 -44.1893
0 -44.1893
0 -44.1893
0 -44.1893
0 -44.1893
0 -44.1893
0 -44.1893
0 -45.0963
0 -45.0963
0 -45.0963
0 -45.0963
0 -45.0963
0 -45.0963
0 -45.0963
0 -45.0963
0 -45.0963
0 -45.0963
0 -45.33
0 -45.5736
0 -45.5736
0 -45.5943
0 -45.5943
0 -45.5943
0 -45.5943
0 -45.5943
0 -45.5943
0 -45.5958
0 -45.5958
0 -45.5958
0 -45.5958
0 -45.5958
0 -45.5958
0 -46.239
0 -46.239
0 -46.239
0 -46.239
0 -46.239
0 -46.239
0 -46.239
0 -46.4519
0 -46.4519
0 -46.7996
0 -46.7996
0 -46.7996
0 -46.7996
0 -46.7996
0 -47.1132
0 -47.6775
0 -47.6775
0 -47.6775
0 -47.6775
0 -47.6775
0 -47.6775
0 -47.6775
0 -47.6775
0 -47.6775
0 -48.3231
0 -48.3231
0 -48.6679
0 -49.103
0 -49.3065
0 -49.491
0 -49.491
0 -49.491
0 -49.5557
0 -50.2926
0 -50.3085
0 -50.7443
0 -51.3455
0 -51.6334
0 -51.6334
0 -51.6334
0 -52.1615
0 -52.1615
0 -52.1615
0 -52.1615
0 -52.1615
0 -53.7227
0 -53.7227
0 -53.7227
0 -53.7227
0 -53.7227
0 -53.7227
0 -53.7227
0 -53.7227
0 -53.9142
0 -53.9142
0 -54.0804
0 -54.9535
0 -54.9535
0 -54.9535
0 -54.9535
0 -54.9535
0 -54.9535
0 -54.9535
0 -54.9535
0 -54.9535
0 -54.9535
0 -54.9535
0 -54.9535
0 -54.9535
0 -54.9535
0 -54.9535
0 -54.9535
0 -54.9535
0 -54.9535
0 -54.9535
0 -54.9535
0 -54.9535
0 -54.9535
0 -54.9535
0 -54.9535
0 -55.0443
0 -55.0443
0 -55.224
0 -55.224
0 -55.224
0 -55.224
0 -55.2596
0 -55.2596
0 -55.2691
0 -56.774
0 -56.774
0 -56.774
0 -56.8244
0 -56.8244
0 -56.8244
0 -56.8244
0 -56.8244
0 -56.8244
0 -58.4412
0 -58.7413
0 -58.7413
0 -58.7413
0 -59.4317
0 -59.4317
0 -59.4317
0 -59.4317
0 -59.4317
0 -59.4317
0 -59.4317
0 -59.4317
0 -59.4317
0 -59.4317
0 -59.4317
0 -59.4317
0 -59.4317
0 -59.4317
0 -59.4317
0 -59.462
0 -59.5078
0 -59.7985
0 -59.8222
0 -60.216
0 -60.216
0 -60.216
0 -60.216
0 -60.6649
0 -60.6649
0 -60.6649
0 -60.6649
0 -61.3113
0 -61.4674
0 -61.4674
0 -61.4674
0 -61.4674
0 -61.4674
0 -61.4674
0 -61.4674
0 -61.4674
0 -61.636
0 -62.4971
0 -62.4971
0 -62.4971
0 -62.4971
0 -62.4971
0 -62.4971
0 -63.0219
0 -63.0219
0 -63.9248
0 -63.9248
0 -63.9248
0 -63.9248
0 -64.0563
0 -64.0563
0 -64.0563
0 -64.0563
0 -64.0563
0 -64.0563
0 -64.0563
0 -64.7055
0 -64.7055
0 -64.7055
0 -64.7055
0 -64.7108
0 -64.7215
0 -64.7215
0 -64.7215
0 -65.0216
0 -65.0496
0 -65.1952
0 -65.8714
0 -65.8714
0 -65.8714
0 -67.4682
0 -67.4682
0 -67.4682
0 -67.4682
0 -67.4682
0 -67.4682
0 -67.8491
0 -67.8491
0 -67.8491
0 -67.8491
0 -68.1709
0 -68.1709
0 -68.1709
0 -68.7998
0 -68.7998
0 -68.7998
0 -69.2782
0 -69.2782
0 -69.2782
0 -69.7088
0 -69.7088
0 -70.4022
0 -70.4022
0 -70.4022
0 -70.4022
0 -70.4022
0 -70.4022
0 -70.4022
0 -70.4022
0 -70.4022
0 -70.4022
0 -70.4022
0 -70.4022
0 -70.4022
0 -70.8064
0 -70.8064
0 -70.8064
0 -70.8064
0 -71.2335
0 -72.0453
0 -72.0453
0 -72.0453
0 -72.0453
0 -72.5151
0 -73.3681
0 -73.3681
0 -73.3681
0 -73.3681
0 -73.3681
0 -73.3681
0 -73.3681
0 -73.3681
0 -73.3681
0 -73.3681
0 -73.3681
0 -73.3681
0 -74.2651
0 -74.2651
0 -74.2651
0 -74.2651
0 -74.2651
0 -74.2651
0 -74.2651
0 -74.2651
0 -74.2651
0 -75.1711
0 -75.1711
0 -76.4598
0 -76.4598
0 -76.4598
0 -76.4598
0 -76.4598
0 -76.6085
0 -76.6085
0 -76.6085
0 -76.6085
0 -76.6085
0 -76.6085
0 -76.6085
0 -76.6085
0 -76.6085
0 -77.6808
0 -77.6808
0 -77.6808
0 -77.6808
0 -77.6808
0 -77.6808
0 -77.6808
0 -77.6808
0 -78.2477
0 -79.1192
0 -79.1192
0 -79.1192
0 -79.1192
0 -79.1495
0 -80.4987
0 -80.4987
0 -80.4987
0 -80.4987
0 -80.686
0 -80.9674
0 -81.0637
0 -81.0637
0 -82.0447
0 -82.0447
0 -82.4155
0 -82.4155
0 -82.4155
0 -82.4155
0 -82.4155
0 -82.4155
0 -82.5368
0 -82.5368
0 -82.5368
0 -82.5368
0 -82.5368
0 -82.5368
0 -82.5368
0 -82.5368
0 -83.6752
0 -83.6752
0 -83.6752
0 -83.6752
0 -83.6752
0 -83.7696
0 -83.7696
0 -83.7696
0 -83.7696
0 -83.7696
0 -83.7696
0 -83.7696
0 -84.2392
0 -84.2392
0 -84.2392
0 -84.2392
0 -84.2392
0 -85.6712
0 -85.6712
0 -85.6712
0 -85.6712
0 -85.6712
0 -85.6712
0 -85.6712
0 -85.9129
0 -85.9129
0 -85.9129
0 -85.9129
0 -85.9446
0 -85.9446
0 -86.2846
0 -87.5464
0 -87.5464
0 -87.5464
0 -87.5464
0 -87.5464
0 -87.8503
0 -87.8503
0 -87.8503
0 -87.8503
0 -88.1386
0 -88.1386
0 -88.7615
0 -88.7615
0 -88.7615
0 -88.8503
0 -88.8503
0 -88.8503
0 -88.8503
0 -89.2532
0 -89.4205
0 -89.4205
0 -89.4205
0 -89.4205
0 -89.4967
0 -89.4967
0 -89.4967
0 -89.4967
0 -90.5077
0 -90.5077
0 -90.5077
0 -90.5077
0 -90.6719
0 -90.6719
0 -90.6719
0 -90.6719
0 -90.6719
0 -90.6719
0 -90.6719
0 -90.6719
0 -90.912
0 -90.912
0 -90.912
0 -91.7114
0 -91.7114
0 -91.7114
0 -91.7114
0 -91.7114
0 -91.7114
0 -91.7114
0 -91.7114
0 -91.7114
0 -91.7114
0 -91.7114
0 -92.5695
0 -92.5695
0 -92.5695
0 -92.9124
0 -92.9124
0 -92.9124
0 -92.9124
0 -92.9124
0 -92.9124
0 -93.4632
0 -93.4632
0 -93.4632
0 -93.4632
0 -93.4632
0 -93.4632
0 -94.9733
0 -94.9733
0 -94.9733
0 -94.9733
0 -94.9733
0 -94.9733
0 -94.9733
0 -95.1178
0 -95.3866
0 -95.3866
0 -95.764
0 -95.764
0 -95.764
0 -97.5088
0 -97.5088
0 -97.5088
0 -97.5088
0 -97.5088
0 -97.5088
0 -97.5088
0 -97.5088
0 -97.5088
0 -98.0672
0 -98.0672
0 -98.0672
0 -98.0672
0 -99.1594
0 -99.1594
0 -99.1594
0 -99.1594
0 -99.263
0 -99.263
0 -99.263
0 -99.263
0 -99.263
0 -99.263
0 -99.263
0 -99.263
0 -99.263
0 -99.263
0 -99.263
0 -99.263
0 -99.263
0 -99.263
0 -99.263
0 -99.263
0 -99.263
0 -99.263
0 -99.263
0 -99.5354
0 -99.5354
0 -99.5354
0 -99.5354
0 -99.5908
0 -100.631
0 -100.631
0 -100.631
0 -100.631
0 -100.631
0 -100.631
0 -100.631
0 -101.886
0 -101.886
0 -101.886
0 -101.886
0 -101.886
0 -101.886
0 -101.913
0 -102.525
0 -102.732
0 -102.732
0 -103.148
0 -103.148
0 -103.47
0 -103.47
0 -103.47
0 -103.47
0 -103.47
0 -103.47
0 -103.47
0 -103.47
0 -103.964
0 -104.881
0 -104.985
0 -104.985
0 -106.85
0 -106.85
0 -106.85
0 -106.85
0 -106.85
0 -106.85
0 -106.85
0 -106.85
0 -106.85
0 -106.85
0 -106.85
0 -106.85
0 -106.85
0 -106.85
0 -106.85
0 -106.906
0 -106.906
0 -106.939
0 -107.269
0 -107.488
0 -108.367
0 -108.367
0 -108.367
0 -108.367
0 -108.367
0 -108.998
0 -108.998
0 -108.998
0 -110.531
0 -110.531
0 -111.83
0 -111.83
0 -111.83
0 -111.83
0 -111.83
0 -111.83
0 -111.83
0 -112.006
0 -112.006
0 -112.006
0 -112.006
0 -112.006
0 -112.006
0 -112.006
0 -112.006
0 -112.006
0 -112.006
0 -112.006
0 -112.006
0 -112.006
0 -112.006
0 -112.383
0 -112.383
0 -112.383
0 -112.383
0 -112.383
0 -113.004
0 -113.282
0 -113.282
0 -113.282
0 -113.282
0 -114.664
0 -114.664
0 -114.664
0 -115.145
0 -115.145
0 -115.145
0 -115.145
0 -115.145
0 -115.27
0 -115.334
0 -115.388
0 -116.259
0 -116.298
0 -116.298
0 -116.52
0 -116.52
0 -116.52
0 -116.52
0 -116.52
0 -116.703
0 -116.703
0 -116.703
0 -116.703
0 -117.039
0 -117.076
0 -117.861
0 -117.861
0 -118.056
0 -118.413
0 -119.521
0 -119.521
0 -119.521
0 -119.521
0 -119.635
0 -119.761
0 -119.761
0 -119.761
0 -120.486
0 -120.486
0 -121.15
0 -121.15
0 -121.15
0 -121.741
0 -121.741
0 -121.741
0 -122.556
0 -122.564
0 -122.564
0 -122.564
0 -122.564
0 -123.56
0 -123.56
0 -123.56
0 -123.56
0 -123.56
0 -123.56
0 -123.56
0 -123.56
0 -123.814
0 -124.039
0 -124.039
0 -124.039
0 -124.039
0 -124.039
0 -124.039
0 -124.039
0 -124.291
0 -124.325
0 -124.325
0 -125.167
0 -125.167
0 -125.167
0 -125.696
0 -125.696
0 -125.696
0 -125.696
0 -126.178
0 -126.178
0 -126.178
0 -126.538
0 -126.614
0 -126.614
0 -127.195
0 -127.195
0 -127.195
0 -128.474
0 -128.474
0 -128.474
0 -128.924
0 -128.924
0 -128.924
0 -129.101
0 -129.101
0 -131.542
0 -131.542
0 -131.542
0 -131.542
0 -131.542
0 -131.556
0 -131.556
0 -131.556
0 -131.556
0 -132.091
0 -132.21
0 -132.21
0 -132.21
0 -132.21
0 -132.21
0 -132.21
0 -132.21
0 -132.656
0 -132.656
0 -132.656
0 -132.656
0 -132.656
0 -133.007
0 -133.007
0 -133.007
0 -134.296
0 -134.505
0 -134.505
0 -134.556
0 -135.238
0 -136.035
0 -136.035
0 -136.035
0 -136.035
0 -136.035
0 -136.035
0 -136.035
0 -136.035
0 -136.035
0 -136.035
0 -136.035
0 -136.035
0 -136.035
0 -136.035
0 -136.035
0 -136.035
0 -136.718
0 -136.718
0 -136.718
0 -136.718
0 -136.718
0 -136.718
0 -137.004
0 -137.326
0 -138.385
0 -138.385
0 -138.385
0 -138.385
0 -138.494
0 -138.494
0 -138.494
0 -138.494
0 -138.494
0 -139.721
0 -140.75
0 -140.75
0 -140.75
0 -140.75
0 -140.75
0 -140.75
0 -141.366
0 -141.366
0 -141.366
0 -141.366
0 -141.366
0 -141.366
0 -141.666
0 -141.666
0 -141.666
0 -141.666
0 -141.666
0 -141.666
0 -141.666
0 -141.666
0 -141.666
0 -141.666
0 -142.316
0 -142.316
0 -142.5
0 -142.669
0 -142.669
0 -144.379
0 -144.379
0 -144.379
0 -144.379
0 -144.379
0 -144.379
0 -145.16
0 -145.16
0 -145.16
0 -145.16
0 -145.257
0 -145.257
0 -145.257
0 -145.257
0 -145.948
0 -146.204
0 -146.204
0 -146.204
0 -146.204
0 -146.747
0 -146.747
0 -146.827
0 -148.026
0 -148.308
0 -149.626
0 -149.626
0 -149.626
0 -149.626
0 -149.626
0 -149.626
0 -149.626
0 -150.867
0 -150.867
0 -150.867
0 -150.867
0 -152.07
0 -152.59
0 -152.59
0 -152.59
0 -152.59
0 -152.59
0 -152.59
0 -152.59
0 -152.59
0 -152.59
0 -152.59
0 -152.59
0 -152.59
0 -152.59
0 -152.59
0 -152.59
0 -152.725
0 -152.725
0 -152.725
0 -152.725
0 -153.065
0 -153.065
0 -153.128
0 -154.015
0 -154.015
0 -154.015
0 -154.015
0 -154.015
0 -154.015
0 -154.015
0 -154.632
0 -154.632
0 -154.632
0 -154.632
0 -154.632
0 -154.632
0 -154.975
0 -154.975
0 -154.975
0 -154.975
0 -154.975
0 -154.975
0 -154.975
0 -155.078
0 -155.747
0 -156.448
0 -156.674
0 -156.688
0 -156.688
0 -156.927
0 -156.927
0 -157.599
0 -157.599
0 -157.599
0 -157.782
0 -158.12
0 -158.12
0 -158.12
0 -158.12
0 -158.12
0 -158.12
0 -158.262
0 -158.262
0 -159.012
0 -159.041
0 -159.041
0 -159.041
0 -159.041
0 -160.069
0 -160.111
0 -160.111
0 -160.111
0 -160.111
0 -160.111
0 -160.63
0 -160.63
0 -160.63
0 -160.993
0 -161.329
0 -162.51
0 -162.51
0 -162.51
0 -162.51
0 -162.51
0 -162.51
0 -162.51
0 -162.51
0 -162.51
0 -162.821
0 -162.821
0 -163.287
0 -163.287
0 -163.287
0 -163.287
0 -163.384
0 -163.384
0 -163.607
0 -163.607
0 -163.607
0 -163.607
0 -163.856
0 -163.856
0 -163.856
0 -164.151
0 -164.151
0 -164.789
0 -164.789
0 -164.789
0 -164.789
0 -165.131
0 -165.156
0 -165.156
0 -165.156
0 -165.253
0 -165.253
0 -165.253
0 -165.816
0 -166.122
0 -166.122
0 -166.122
0 -166.122
0 -166.309
0 -166.337
0 -166.494
0 -166.494
0 -166.494
0 -167.961
0 -167.961
0 -168.455
0 -169.168
0 -169.168
0 -169.168
0 -169.168
0 -169.69
0 -169.69
0 -169.69
0 -170.121
0 -170.121
0 -170.121
0 -170.121
0 -170.121
0 -170.121
0 -170.121
0 -170.889
0 -170.889
0 -170.889
0 -171.425
0 -171.425
0 -171.425
0 -171.425
0 -172.396
0 -172.396
0 -172.396
0 -172.396
0 -173.158
0 -173.158
0 -173.158
0 -173.44
0 -173.44
0 -173.656
0 -173.656
0 -174.666
0 -174.666
0 -175.124
0 -175.124
0 -175.124
0 -175.57
0 -175.57
0 -175.57
0 -175.57
0 -175.57
0 -176.434
0 -176.434
0 -176.434
0 -177.164
0 -177.164
0 -177.395
0 -177.395
0 -177.395
0 -177.395
0 -177.823
0 -177.973
0 -177.973
0 -178.514
0 -178.514
0 -178.514
0 -178.514
0 -178.514
0 -179.537
0 -179.537
0 -179.537
0 -179.537
0 -179.537
0 -180.191
0 -180.909
0 -180.952
0 -180.952
0 -180.952
0 -180.952
0 -180.952
0 -180.952
0 -180.952
0 -180.952
0 -180.952
0 -180.952
0 -180.952
0 -180.952
0 -180.952
0 -181.831
0 -181.895
0 -181.895
0 -181.895
0 -181.895
0 -181.895
0 -181.895
0 -182.081
0 -182.081
0 -182.081
0 -182.081
0 -182.081
0 -182.122
0 -182.43
0 -182.735
0 -182.735
0 -182.735
0 -182.735
0 -182.735
0 -183.527
0 -184.1
0 -184.1
0 -184.1
0 -184.87
0 -185.107
0 -185.107
0 -185.107
0 -185.107
0 -185.107
0 -185.107
0 -185.143
0 -185.143
0 -185.367
0 -185.528
0 -186.15
0 -186.15
0 -186.15
0 -186.15
0 -186.268
0 -186.268
0 -186.268
0 -186.268
0 -186.615
0 -186.787
0 -187.521
0 -189.004
0 -189.004
0 -189.004
0 -189.004
0 -189.004
0 -189.004
0 -189.004
0 -189.004
0 -189.798
0 -189.798
0 -189.798
0 -189.937
0 -189.937
0 -189.937
0 -189.948
0 -190.334
0 -190.828
0 -190.828
0 -190.828
0 -191.502
0 -191.503
0 -191.503
0 -191.503
0 -191.503
0 -191.503
0 -191.503
0 -191.503
0 -191.763
0 -191.763
0 -191.763
0 -191.763
0 -191.763
0 -191.763
0 -191.763
0 -193.044
0 -193.044
0 -193.044
0 -194.219
0 -194.219
0 -194.219
0 -194.219
0 -194.219
0 -194.654
0 -194.961
0 -195.725
0 -195.725
0 -196.172
0 -196.335
0 -196.335
0 -196.335
0 -197.28
0 -197.801
0 -197.801
0 -197.801
0 -198.707
0 -198.707
0 -198.707
0 -198.707
0 -198.707
0 -198.707
0 -198.707
0 -198.707
0 -198.707
0 -199.577
0 -199.577
0 -200.181
0 -200.571
0 -200.642
0 -201.144
0 -201.406
0 -201.406
0 -201.406
0 -201.406
0 -201.406
0 -201.406
0 -201.406
0 -201.406
0 -201.406
0 -201.406
0 -201.406
0 -201.406
0 -201.406
0 -201.406
0 -201.406
0 -201.406
0 -201.768
0 -202.308
0 -202.812
0 -202.812
0 -202.812
0 -202.812
0 -202.812
0 -203.635
0 -203.932
0 -205.305
0 -205.305
0 -205.305
0 -205.305
0 -205.305
0 -205.305
0 -205.305
0 -205.305
0 -205.305
0 -205.319
0 -205.319
0 -205.319
0 -205.527
0 -205.663
0 -205.663
0 -206.463
0 -206.463
0 -206.463
0 -206.543
0 -206.608
0 -206.608
0 -206.608
0 -206.608
0 -208.557
0 -208.572
0 -208.572
0 -208.572
0 -208.572
0 -208.633
0 -208.633
0 -208.633
0 -208.633
0 -209.248
0 -209.553
0 -209.553
0 -209.824
0 -210.345
0 -210.98
0 -211.205
0 -211.205
0 -211.318
0 -211.318
0 -211.346
0 -211.346
0 -211.346
0 -211.346
0 -213.045
0 -213.045
0 -213.045
0 -213.045
0 -213.077
0 -213.077
0 -213.077
0 -214.307
0 -214.307
0 -214.307
0 -214.307
0 -214.478
0 -214.478
0 -214.809
0 -214.809
0 -215.037
0 -215.037
0 -215.037
0 -215.037
0 -215.037
0 -215.037
0 -215.039
0 -215.559
0 -216.255
0 -216.255
0 -216.255
0 -216.255
0 -216.273
0 -216.542
0 -216.542
0 -216.542
0 -217.262
0 -217.262
0 -217.262
0 -217.284
0 -217.397
0 -218.146
0 -218.146
0 -218.146
0 -218.397
0 -218.635
0 -218.635
0 -218.635
0 -218.635
0 -218.635
0 -218.635
0 -218.635
0 -218.635
0 -218.635
0 -219.531
0 -219.697
0 -219.697
0 -221.018
0 -221.018
0 -221.018
0 -221.018
0 -221.018
0 -222.012
0 -222.012
0 -222.012
0 -222.258
0 -223.187
0 -223.187
0 -223.187
0 -223.187
0 -223.187
0 -223.187
0 -223.229
0 -224.887
0 -224.887
0 -224.887
0 -224.887
0 -224.887
0 -224.887
0 -224.887
0 -224.887
0 -224.887
0 -224.887
0 -224.887
0 -224.887
0 -224.887
0 -224.887
0 -224.887
0 -225.219
0 -225.219
0 -226.003
0 -226.208
0 -226.876
0 -227.604
0 -227.898
0 -227.898
0 -227.898
0 -227.898
0 -227.898
0 -228.166
0 -228.203
0 -228.203
0 -228.203
0 -228.203
0 -228.303
0 -229.179
0 -229.179
0 -229.179
0 -229.179
0 -229.179
0 -229.179
0 -229.179
0 -230.683
0 -230.683
0 -230.723
0 -230.723
0 -230.723
0 -230.899
0 -231.134
0 -231.134
0 -231.134
0 -231.134
0 -231.134
0 -231.134
0 -232.602
0 -232.602
0 -232.602
0 -232.602
0 -232.602
0 -233.11
0 -233.439
0 -233.439
0 -233.439
0 -233.439
0 -233.439
0 -233.439
0 -233.439
0 -233.696
0 -234.282
0 -234.282
0 -234.485
0 -234.508
0 -234.508
0 -234.991
0 -234.991
0 -234.991
0 -234.991
0 -234.991
0 -235.08
0 -236.191
0 -236.191
0 -236.278
0 -236.278
0 -236.885
0 -236.885
0 -236.885
0 -236.885
0 -237.711
0 -238.098
0 -238.391
0 -238.391
0 -238.391
0 -238.391
0 -239.005
0 -239.005
0 -239.005
0 -239.005
0 -239.005
0 -239.005
0 -239.005
0 -239.293
0 -239.639
0 -239.639
0 -239.639
0 -239.639
0 -239.722
0 -240.086
0 -240.086
0 -240.328
0 -240.328
0 -240.76
0 -240.76
0 -240.76
0 -240.76
0 -240.76
0 -240.76
0 -240.76
0 -241.124
0 -241.238
0 -241.576
0 -242.236
0 -242.236
0 -242.236
0 -242.251
0 -243.04
0 -243.04
0 -243.04
0 -243.04
0 -243.04
0 -243.199
0 -243.199
0 -244.133
0 -244.133
0 -244.133
0 -245.793
0 -245.793
0 -245.976
0 -246.055
0 -246.055
0 -246.055
0 -246.172
0 -246.319
0 -247.422
0 -247.471
0 -247.844
0 -247.844
0 -247.844
0 -248.463
0 -248.636
0 -248.636
0 -249.866
0 -249.866
0 -249.866
0 -249.986
0 -249.986
0 -249.986
0 -249.986
0 -251.393
0 -251.964
0 -251.964
0 -253.003
0 -253.003
0 -253.003
0 -253.663
0 -253.663
0 -253.663
0 -253.663
0 -253.663
0 -253.663
0 -253.663
0 -253.663
0 -253.712
0 -253.87
0 -254.348
0 -254.511
0 -254.511
0 -254.511
0 -254.511
0 -254.851
0 -254.851
0 -254.851
0 -254.851
0 -255.827
0 -255.827
0 -255.827
0 -255.827
0 -257.213
0 -257.423
0 -257.423
0 -258.582
0 -258.582
0 -258.582
0 -259.188
0 -259.188
0 -260.702
0 -260.702
0 -261.256
0 -261.256
0 -261.495
0 -261.495
0 -261.495
0 -261.495
0 -261.495
0 -261.868
0 -261.868
0 -263.415
0 -263.415
0 -263.415
0 -263.415
0 -263.415
0 -263.415
0 -263.415
0 -263.415
0 -263.415
0 -263.415
0 -263.415
0 -263.415
0 -263.415
0 -263.415
0 -263.415
0 -265.715
0 -265.715
0 -267.493
0 -267.493
0 -267.493
0 -267.493
0 -267.493
0 -267.493
0 -267.493
0 -267.493
0 -267.493
0 -267.493
0 -267.493
0 -267.493
0 -267.822
0 -267.822
0 -269.054
0 -269.112
0 -269.112
0 -269.138
0 -269.138
0 -269.138
0 -269.586
0 -269.586
0 -270.506
0 -271.287
0 -271.358
0 -271.885
0 -272.383
0 -272.383
0 -272.383
0 -274.093
0 -274.093
0 -275.415
0 -275.415
0 -275.415
0 -275.415
0 -275.415
0 -275.415
0 -275.415
0 -276.278
0 -276.278
0 -277.119
0 -277.119
0 -277.119
0 -277.119
0 -277.535
0 -277.535
0 -277.535
0 -277.535
0 -277.535
0 -277.839
0 -277.839
0 -279.011
0 -279.011
0 -279.564
0 -279.564
0 -279.984
0 -279.984
0 -282.108
0 -282.108
0 -282.108
0 -282.108
0 -282.108
0 -282.259
0 -282.259
0 -282.259
0 -283.275
0 -283.275
0 -283.505
0 -284.153
0 -284.153
0 -284.153
0 -284.153
0 -284.153
0 -284.153
0 -284.936
0 -285.751
0 -285.751
0 -286.573
0 -286.573
0 -286.573
0 -286.573
0 -286.573
0 -286.573
0 -287.476
0 -287.492
0 -287.734
0 -287.734
0 -287.734
0 -287.734
0 -287.734
0 -287.734
0 -290.117
0 -290.117
0 -290.117
0 -290.117
0 -290.117
0 -290.117
0 -290.117
0 -290.117
0 -290.117
0 -290.117
0 -290.117
0 -290.117
0 -290.117
0 -290.117
0 -290.117
0 -290.117
0 -290.117
0 -290.506
0 -291.858
0 -291.858
0 -292.03
0 -292.03
0 -292.631
0 -292.631
0 -292.631
0 -292.681
0 -292.681
0 -293.199
0 -293.199
0 -293.199
0 -293.199
0 -294.676
0 -294.676
0 -294.676
0 -294.676
0 -294.676
0 -294.676
0 -294.676
0 -294.676
0 -295.162
0 -295.162
0 -295.162
0 -295.162
0 -295.162
0 -295.162
0 -295.495
0 -295.495
0 -295.606
0 -295.832
0 -296.592
0 -296.592
0 -296.592
0 -296.909
0 -296.909
0 -296.909
0 -296.909
0 -297.588
0 -297.588
0 -299.023
0 -299.023
0 -299.023
0 -299.023
0 -299.023
0 -299.023
0 -299.048
0 -299.048
0 -299.048
0 -299.602
0 -299.602
0 -299.602
0 -299.602
0 -299.602
0 -299.602
0 -299.602
0 -299.888
0 -300.548
0 -301.628
0 -301.952
0 -301.952
0 -302.055
0 -302.27
0 -302.27
0 -302.27
0 -302.27
0 -302.27
0 -302.958
0 -303.243
0 -303.243
0 -303.243
0 -303.243
0 -303.243
0 -303.354
0 -303.923
0 -303.923
0 -303.923
0 -304.163
0 -304.818
0 -304.818
0 -306.376
0 -306.376
0 -306.376
0 -306.376
0 -306.376
0 -306.376
0 -306.376
0 -306.376
0 -306.376
0 -306.376
0 -306.376
0 -306.476
0 -306.476
0 -306.607
0 -306.607
0 -306.854
0 -307.152
0 -307.939
0 -308.318
0 -308.318
0 -308.318
0 -309.088
0 -309.088
0 -309.088
0 -309.088
0 -309.518
0 -311.015
0 -311.015
0 -311.015
0 -311.015
0 -311.206
0 -311.206
0 -311.206
0 -311.206
0 -311.939
0 -312.4
0 -312.676
0 -312.676
0 -312.676
0 -312.676
0 -312.676
0 -313.277
0 -313.277
0 -313.277
0 -313.615
0 -313.615
0 -314.59
0 -315.117
0 -315.117
0 -315.117
0 -315.117
0 -315.117
0 -315.954
0 -315.954
0 -315.954
0 -315.954
0 -316.535
0 -316.552
0 -316.733
0 -316.733
0 -316.733
0 -316.733
0 -316.733
0 -316.874
0 -316.874
0 -316.874
0 -316.874
0 -316.994
0 -317.371
0 -317.46
0 -318.602
0 -318.602
0 -318.752
0 -318.752
0 -318.752
0 -318.752
0 -318.752
0 -318.752
0 -319.705
0 -319.705
0 -319.705
0 -319.705
0 -319.705
0 -319.705
0 -319.705
0 -319.82
0 -321.092
0 -321.092
0 -321.092
0 -321.354
0 -321.457
0 -321.457
0 -321.457
0 -322.122
0 -322.145
0 -322.145
0 -322.243
0 -322.243
0 -322.243
0 -322.255
0 -323.138
0 -323.138
0 -323.256
0 -323.256
0 -323.256
0 -323.682
0 -323.682
0 -323.682
0 -324.323
0 -324.518
0 -324.518
0 -325.235
0 -325.65
0 -325.65
0 -325.991
0 -326.895
0 -326.895
0 -326.895
0 -326.895
0 -326.895
0 -326.895
0 -327.233
0 -327.233
0 -327.474
0 -327.703
0 -328.058
0 -328.058
0 -328.058
0 -328.058
0 -328.058
0 -329.228
0 -329.228
0 -329.53
0 -329.53
0 -329.53
0 -329.53
0 -329.774
0 -330.503
0 -331.095
0 -331.095
0 -331.095
0 -331.608
0 -331.608
0 -331.734
0 -331.734
0 -331.734
0 -331.734
0 -331.938
0 -331.938
0 -331.938
0 -332.892
0 -333.417
0 -333.712
0 -333.712
0 -333.736
0 -333.736
0 -333.877
0 -333.915
0 -333.915
0 -335.139
0 -335.139
0 -335.139
0 -335.937
0 -335.937
0 -336.185
0 -336.987
0 -336.987
0 -337.786
0 -337.786
0 -337.786
0 -337.786
0 -337.786
0 -337.786
0 -337.786
0 -337.786
0 -337.786
0 -337.786
0 -337.786
0 -337.939
0 -338.797
0 -339.183
0 -339.183
0 -339.687
0 -340.924
0 -340.924
0 -340.924
0 -340.924
0 -340.924
0 -340.924
0 -340.924
0 -340.924
0 -340.924
0 -341.232
0 -343.161
0 -343.161
0 -343.161
0 -343.161
0 -343.161
0 -343.161
0 -343.161
0 -343.161
0 -343.161
0 -343.161
0 -343.161
0 -343.161
0 -343.161
0 -343.161
0 -343.161
0 -343.161
0 -344.864
0 -344.864
0 -345.492
0 -345.492
0 -345.492
0 -345.492
0 -346.709
0 -346.709
0 -346.709
0 -346.709
0 -346.741
0 -348.158
0 -348.171
0 -348.171
0 -348.171
0 -348.171
0 -348.171
0 -348.171
0 -348.171
0 -348.171
0 -349.086
0 -349.417
0 -349.417
0 -349.417
0 -349.612
0 -349.854
0 -349.854
0 -349.854
0 -349.854
0 -349.854
0 -350.27
0 -350.27
0 -351.226
0 -351.226
0 -351.226
0 -352.133
0 -352.133
0 -353.125
0 -353.125
0 -353.125
0 -353.125
0 -353.17
0 -353.17
0 -353.581
0 -354.494
0 -354.73
0 -355.721
0 -355.758
0 -355.758
0 -355.758
0 -355.758
0 -355.758
0 -355.758
0 -355.758
0 -355.758
0 -355.758
0 -356.715
0 -356.715
0 -356.715
0 -356.715
0 -358.201
0 -358.201
0 -358.688
0 -358.688
0 -358.688
0 -358.688
0 -358.688
0 -359.215
0 -360.229
0 -360.234
0 -361.306
0 -361.306
0 -361.306
0 -361.521
0 -361.521
0 -361.521
0 -361.569
0 -361.569
0 -361.569
0 -361.569
0 -361.569
0 -361.569
0 -362.18
0 -362.18
0 -362.18
0 -362.18
0 -362.507
0 -362.507
0 -362.507
0 -362.537
0 -362.537
0 -363.608
0 -363.608
0 -363.608
0 -363.608
0 -364.423
0 -364.423
0 -364.423
0 -364.423
0 -364.423
0 -364.423
0 -364.423
0 -365.505
0 -365.505
0 -365.505
0 -365.505
0 -365.505
0 -365.647
0 -366.277
0 -366.277
0 -366.724
0 -366.724
0 -366.819
0 -366.819
0 -368.767
0 -368.767
0 -368.767
0 -368.767
0 -368.767
0 -368.767
0 -369.007
0 -369.007
0 -369.007
0 -369.007
0 -369.007
0 -369.345
0 -369.345
0 -369.345
0 -370.305
0 -370.305
0 -370.305
0 -370.305
0 -370.365
0 -371.147
0 -371.147
0 -371.332
0 -371.332
0 -371.332
0 -371.657
0 -371.657
0 -371.657
0 -371.899
0 -372.126
0 -372.446
0 -372.613
0 -372.829
0 -372.829
0 -372.895
0 -372.895
0 -372.895
0 -372.895
0 -373.142
0 -373.422
0 -373.861
0 -375.035
0 -375.035
0 -375.035
0 -375.035
0 -375.035
0 -375.035
0 -375.035
0 -375.035
0 -375.25
0 -375.25
0 -375.25
0 -376.807
0 -376.807
0 -376.807
0 -376.807
0 -376.807
0 -376.807
0 -376.807
0 -377.69
0 -377.69
0 -377.774
0 -377.774
0 -377.774
0 -377.774
0 -378.428
0 -378.428
0 -379.41
0 -379.41
0 -379.41
0 -381.192
0 -381.192
0 -382.358
0 -382.358
0 -382.358
0 -382.358
0 -382.358
0 -382.358
0 -382.358
0 -382.358
0 -382.358
0 -382.358
0 -382.358
0 -383.045
0 -383.045
0 -383.462
0 -383.462
0 -384.947
0 -384.947
0 -384.947
0 -384.947
0 -384.947
0 -385.084
0 -385.084
0 -385.084
0 -385.084
0 -385.084
0 -385.084
0 -385.084
0 -385.084
0 -385.084
0 -385.084
0 -385.084
0 -385.084
0 -385.084
0 -385.084
0 -385.599
0 -386.114
0 -386.18
0 -386.688
0 -386.751
0 -387.013
0 -387.791
0 -387.962
0 -387.962
0 -387.962
0 -389.511
0 -389.511
0 -389.511
0 -389.511
0 -390.866
0 -391.223
0 -391.223
0 -391.223
0 -391.223
0 -391.223
0 -391.223
0 -391.223
0 -391.663
0 -391.663
0 -391.663
0 -392.997
0 -393.002
0 -393.002
0 -393.1
0 -393.1
0 -394.291
0 -394.291
0 -394.291
0 -394.291
0 -394.291
0 -394.76
0 -394.76
0 -394.76
0 -394.76
0 -395.254
0 -395.553
0 -396.195
0 -396.195
0 -396.195
0 -396.195
0 -396.986
0 -397.503
0 -397.64
0 -398.909
0 -398.909
0 -398.909
0 -398.909
0 -398.909
0 -398.909
0 -398.909
0 -398.909
0 -398.909
0 -398.909
0 -398.909
0 -399.372
0 -399.372
0 -399.372
0 -400.411
0 -400.87
0 -401.228
0 -401.865
0 -402.352
0 -402.352
0 -402.352
0 -402.382
0 -402.393
0 -403.276
0 -403.276
0 -403.276
0 -403.276
0 -403.276
0 -404.011
0 -404.011
0 -404.152
0 -404.686
0 -404.849
0 -404.849
0 -404.849
0 -406.156
0 -406.156
0 -406.156
0 -406.156
0 -406.164
0 -406.164
0 -406.164
0 -406.164
0 -406.185
0 -406.469
0 -406.469
0 -407.789
0 -407.803
0 -408.812
0 -408.812
0 -408.812
0 -409.23
0 -409.611
0 -410.133
0 -410.133
0 -410.133
0 -410.133
0 -410.547
0 -410.547
0 -410.547
0 -410.923
0 -411.537
0 -411.537
0 -412.437
0 -412.565
0 -412.64
0 -412.64
0 -412.64
0 -412.64
0 -412.64
0 -412.863
0 -413.29
0 -413.396
0 -413.878
0 -413.878
0 -413.878
0 -413.878
0 -413.878
0 -413.878
0 -413.878
0 -413.878
0 -413.878
0 -413.878
0 -415.579
0 -415.579
0 -415.605
0 -416.15
0 -416.214
0 -416.214
0 -417.917
0 -417.917
0 -417.917
0 -417.917
0 -417.917
0 -417.917
0 -417.917
0 -417.992
0 -418.665
0 -419.312
0 -419.546
0 -419.546
0 -420.044
0 -420.044
0 -420.044
0 -420.044
0 -420.362
0 -420.964
0 -421.218
0 -421.218
0 -421.218
0 -421.218
0 -421.954
0 -422.109
0 -422.109
0 -422.109
0 -422.837
0 -423.205
0 -423.205
0 -423.975
0 -423.975
0 -423.975
0 -423.975
0 -424.678
0 -424.678
0 -425.737
0 -425.737
0 -425.737
0 -425.737
0 -426.034
0 -426.306
0 -426.306
0 -426.306
0 -426.537
0 -426.537
0 -426.902
0 -427.281
0 -427.638
0 -427.638
0 -427.638
0 -427.638
0 -427.758
0 -429.65
0 -429.65
0 -429.789
0 -430.268
0 -430.278
0 -430.278
0 -430.278
0 -430.278
0 -430.763
0 -431.548
0 -431.548
0 -431.548
0 -432.923
0 -432.928
0 -432.928
0 -433.446
0 -433.446
0 -433.912
0 -434.162
0 -434.335
0 -434.787
0 -436.425
0 -436.425
0 -436.425
0 -436.425
0 -436.469
0 -437.487
0 -439.105
0 -439.105
0 -439.105
0 -439.105
0 -439.471
0 -439.963
0 -439.963
0 -439.963
0 -439.963
0 -440.05
0 -440.769
0 -440.987
0 -440.987
0 -440.987
0 -441.325
0 -441.325
0 -441.325
0 -441.325
0 -441.325
0 -441.325
0 -442.591
0 -442.591
0 -442.591
0 -443.471
0 -443.471
0 -443.471
0 -443.471
0 -443.69
0 -444.173
0 -444.209
0 -444.209
0 -444.209
0 -444.814
0 -444.814
0 -445.278
0 -445.642
0 -445.642
0 -446.132
0 -446.132
0 -446.132
0 -446.132
0 -446.132
0 -446.132
0 -446.132
0 -446.223
0 -446.437
0 -446.469
0 -446.91
0 -447.424
0 -447.424
0 -447.424
0 -448.255
0 -448.255
0 -448.255
0 -448.255
0 -448.392
0 -449.126
0 -449.126
0 -449.126
0 -449.126
0 -449.742
0 -449.752
0 -450.089
0 -452.265
0 -452.423
0 -453.582
0 -453.749
0 -453.749
0 -453.749
0 -453.763
0 -453.763
0 -453.763
0 -453.763
0 -453.763
0 -454.677
0 -454.677
0 -454.677
0 -455.191
0 -455.191
0 -455.191
0 -455.191
0 -455.336
0 -455.336
0 -456.269
0 -456.779
0 -458.568
0 -458.568
0 -458.568
0 -458.568
0 -458.568
0 -458.568
0 -458.568
0 -458.568
0 -458.63
0 -459.333
0 -459.333
0 -459.646
0 -459.712
0 -459.712
0 -460.129
0 -460.73
0 -460.73
0 -460.73
0 -460.73
0 -460.73
0 -460.73
0 -461.621
0 -461.646
0 -461.646
0 -461.646
0 -461.646
0 -462.398
0 -462.398
0 -462.705
0 -462.904
0 -462.904
0 -462.904
0 -464.524
0 -464.524
0 -464.524
0 -464.524
0 -465.36
0 -465.36
0 -465.36
0 -465.36
0 -465.36
0 -465.36
0 -465.657
0 -465.797
0 -465.947
0 -466.077
0 -467.096
0 -467.096
0 -467.096
0 -467.096
0 -467.096
0 -467.096
0 -467.096
0 -467.659
0 -467.859
0 -468.211
0 -468.211
0 -468.211
0 -468.211
0 -468.635
0 -468.635
0 -468.635
0 -469.943
0 -469.943
0 -469.943
0 -470.753
0 -471.179
0 -471.179
0 -471.179
0 -471.179
0 -471.179
0 -471.234
0 -471.234
0 -471.234
0 -471.608
0 -471.665
0 -472.356
0 -472.356
0 -473.257
0 -473.257
0 -473.257
0 -473.373
0 -474.344
0 -474.73
0 -474.73
0 -475.377
0 -475.377
0 -475.377
0 -476.7
0 -476.7
0 -476.7
0 -476.7
0 -476.7
0 -478.006
0 -478.081
0 -478.081
0 -478.081
0 -478.081
0 -478.927
0 -478.927
0 -479.429
0 -479.429
0 -479.429
0 -479.429
0 -480.015
0 -480.135
0 -480.135
0 -480.182
0 -480.982
0 -481.337
0 -481.337
0 -481.337
0 -481.62
0 -481.745
0 -482.518
0 -482.905
0 -482.905
0 -483.104
0 -483.309
0 -483.309
0 -483.77
0 -483.77
0 -483.77
0 -484.309
0 -484.586
0 -484.694
0 -484.694
0 -485.723
0 -485.723
0 -485.723
0 -486.475
0 -486.475
0 -486.683
0 -486.683
0 -486.683
0 -488.179
0 -488.328
0 -488.328
0 -488.328
0 -488.328
0 -488.328
0 -488.328
0 -489.137
0 -489.137
0 -489.137
0 -490.8
0 -490.8
0 -490.8
0 -490.8
0 -490.8
0 -490.8
0 -492.07
0 -492.07
0 -492.819
0 -493.8
0 -493.8
0 -493.8
0 -493.8
0 -493.8
0 -493.83
0 -493.83
0 -493.83
0 -493.83
0 -494.308
0 -494.616
0 -495.871
0 -496.228
0 -496.228
0 -496.326
0 -496.326
0 -496.642
0 -496.692
0 -496.694
0 -499.18
0 -499.18
0 -499.18
0 -499.18
0 -499.18
0 -499.5
0 -499.5
0 -499.5
0 -499.5
0 -499.5
0 -500.852
0 -500.852
0 -500.852
0 -500.852
0 -501.136
0 -501.136
0 -501.136
0 -501.136
0 -502.903
0 -503.322
0 -503.322
0 -503.322
0 -503.322
0 -503.509
0 -503.509
0 -503.509
0 -503.68
0 -504.394
0 -504.394
0 -505.218
0 -505.809
0 -506.429
0 -506.72
0 -506.72
0 -506.72
0 -506.72
0 -507.06
0 -507.06
0 -507.06
0 -507.09
0 -508.245
0 -508.245
0 -508.581
0 -508.686
0 -509.426
0 -509.426
0 -510.018
0 -511.075
0 -511.075
0 -511.075
0 -511.075
0 -511.768
0 -511.843
0 -511.843
0 -511.843
0 -511.843
0 -512.224
0 -513.14
0 -513.433
0 -513.433
0 -513.433
0 -513.433
0 -513.433
0 -513.433
0 -513.863
0 -514.116
0 -514.116
0 -514.116
0 -514.157
0 -514.172
0 -514.373
0 -515.166
0 -516.627
0 -517.34
0 -517.34
0 -517.34
0 -517.34
0 -517.772
0 -517.772
0 -517.772
0 -517.772
0 -517.772
0 -517.772
0 -517.772
0 -517.944
0 -519.096
0 -519.096
0 -519.096
0 -519.096
0 -519.999
0 -519.999
0 -519.999
0 -519.999
0 -519.999
0 -519.999
0 -520.625
0 -520.625
0 -520.625
0 -521.205
0 -522.49
0 -522.49
0 -522.49
0 -522.49
0 -522.49
0 -523.109
0 -523.109
0 -523.559
0 -523.559
0 -523.559
0 -523.559
0 -523.772
0 -523.84
0 -524.429
0 -525.249
0 -525.249
0 -526.635
0 -526.635
0 -526.635
0 -526.771
0 -526.771
0 -526.816
0 -529.894
0 -529.894
0 -529.894
0 -529.894
0 -529.894
0 -529.894
0 -529.894
0 -530.138
0 -530.138
0 -530.169
0 -530.169
0 -531.494
0 -531.494
0 -531.494
0 -532.141
0 -532.141
0 -532.141
0 -532.141
0 -533.071
0 -533.071
0 -533.071
0 -533.071
0 -533.071
0 -533.43
0 -533.43
0 -533.474
0 -533.654
0 -534.636
0 -534.636
0 -534.636
0 -535.016
0 -535.016
0 -535.016
0 -536.281
0 -536.281
0 -536.561
0 -537.942
0 -537.942
0 -537.942
0 -537.942
0 -537.942
0 -537.942
0 -538.408
0 -538.505
0 -538.505
0 -540.26
0 -540.26
0 -540.26
0 -540.26
0 -540.351
0 -540.412
0 -540.808
0 -540.808
0 -540.808
0 -541.357
0 -541.753
0 -541.753
0 -542.45
0 -542.753
0 -542.753
0 -542.76
0 -542.76
0 -542.76
0 -543.193
0 -544.171
0 -544.171
0 -544.2
0 -545.537
0 -545.537
0 -545.883
0 -546.253
0 -546.253
0 -546.253
0 -546.554
0 -547.856
0 -547.856
0 -548.594
0 -548.751
0 -548.751
0 -548.751
0 -548.751
0 -548.895
0 -548.895
0 -548.895
0 -549.793
0 -549.793
0 -549.793
0 -549.793
0 -549.793
0 -549.832
0 -550.453
0 -550.471
0 -551.416
0 -551.416
0 -551.416
0 -551.954
0 -551.954
0 -551.954
0 -551.954
0 -552.282
0 -552.549
0 -553.582
0 -553.888
0 -553.888
0 -555.454
0 -555.454
0 -555.454
0 -555.454
0 -555.454
0 -555.454
0 -555.542
0 -557.062
0 -557.062
0 -558.168
0 -558.168
0 -558.168
0 -559.063
0 -559.444
0 -559.791
0 -559.956
0 -560.534
0 -560.72
0 -561.187
0 -562.392
0 -563.313
0 -563.313
0 -563.313
0 -563.313
0 -563.313
0 -563.751
0 -564.005
0 -564.005
0 -564.005
0 -564.005
0 -564.005
0 -564.581
0 -564.581
0 -564.581
0 -564.581
0 -564.887
0 -564.887
0 -564.887
0 -564.887
0 -564.887
0 -565.411
0 -566.409
0 -566.485
0 -566.899
0 -566.899
0 -567.549
0 -567.549
0 -567.549
0 -567.549
0 -567.549
0 -569.561
0 -569.561
0 -569.561
0 -569.561
0 -569.561
0 -569.561
0 -569.561
0 -570.069
0 -570.619
0 -570.738
0 -571.757
0 -571.904
0 -571.904
0 -571.904
0 -571.904
0 -572.284
0 -572.606
0 -572.769
0 -573.47
0 -573.47
0 -573.47
0 -574.625
0 -574.625
0 -574.625
0 -574.625
0 -575.334
0 -575.334
0 -575.334
0 -575.858
0 -575.858
0 -577.146
0 -577.146
0 -577.234
0 -577.562
0 -578.584
0 -579.103
0 -579.347
0 -579.549
0 -579.549
0 -579.549
0 -579.549
0 -580.433
0 -580.88
0 -581.131
0 -581.131
0 -581.131
0 -581.974
0 -581.974
0 -583.129
0 -583.129
0 -583.129
0 -583.129
0 -583.129
0 -583.129
0 -583.129
0 -583.129
0 -583.129
0 -585.794
0 -585.828
0 -585.828
0 -585.828
0 -585.828
0 -586.112
0 -586.112
0 -586.112
0 -587.026
0 -587.026
0 -587.026
0 -587.026
0 -587.685
0 -588.313
0 -588.599
0 -588.599
0 -588.614
0 -588.981
0 -588.981
0 -588.981
0 -589.372
0 -589.468
0 -589.905
0 -589.905
0 -590.059
0 -590.059
0 -590.152
0 -590.871
0 -591.609
0 -592.131
0 -592.131
0 -592.131
0 -592.131
0 -592.131
0 -593.032
0 -593.058
0 -593.058
0 -593.058
0 -594.157
0 -594.157
0 -594.157
0 -594.157
0 -594.157
0 -594.157
0 -595.266
0 -595.266
0 -595.266
0 -595.266
0 -595.848
0 -595.848
0 -595.848
0 -596.33
0 -596.336
0 -596.96
0 -597.327
0 -597.327
0 -597.327
0 -597.327
0 -597.865
0 -597.948
0 -598.15
0 -598.15
0 -598.361
0 -599.351
0 -599.372
0 -599.652
0 -599.795
0 -600.698
0 -600.698
0 -601.154
0 -601.463
0 -601.785
0 -601.785
0 -601.785
0 -601.785
0 -601.785
0 -601.785
0 -601.785
0 -601.785
0 -602.78
0 -602.78
0 -604.09
0 -604.516
0 -604.516
0 -606.027
0 -606.027
0 -606.027
0 -606.027
0 -606.027
0 -606.217
0 -607.074
0 -607.074
0 -607.074
0 -607.533
0 -607.533
0 -607.533
0 -607.533
0 -607.846
0 -609.366
0 -609.366
0 -609.366
0 -611.367
0 -611.367
0 -611.367
0 -611.367
0 -611.367
0 -612.44
0 -612.44
0 -612.44
0 -612.44
0 -612.623
0 -612.718
0 -613.864
0 -614.332
0 -614.332
0 -615.029
0 -615.079
0 -615.39
0 -615.39
0 -616.4
0 -617.996
0 -617.996
0 -617.996
0 -618.926
0 -618.926
0 -619.055
0 -619.055
0 -619.055
0 -619.055
0 -619.055
0 -619.055
0 -619.608
0 -619.608
0 -620.775
0 -620.775
0 -620.775
0 -620.775
0 -620.775
0 -622.312
0 -622.312
0 -622.312
0 -622.598
0 -622.898
0 -622.898
0 -622.898
0 -623.062
0 -623.555
0 -623.845
0 -623.845
0 -625.162
0 -625.413
0 -625.413
0 -625.413
0 -626.157
0 -626.157
0 -626.157
0 -626.157
0 -626.184
0 -626.524
0 -628.471
0 -628.471
0 -628.471
0 -628.471
0 -629.564
0 -629.742
0 -630.091
0 -630.091
0 -630.091
0 -630.763
0 -630.763
0 -630.763
0 -630.771
0 -632.091
0 -632.091
0 -632.761
0 -632.761
0 -632.761
0 -632.761
0 -633.293
0 -633.313
0 -633.313
0 -634.735
0 -634.735
0 -634.735
0 -634.735
0 -634.735
0 -634.969
0 -636.354
0 -636.354
0 -636.354
0 -636.354
0 -637.6
0 -637.6
0 -637.924
0 -637.924
0 -638.039
0 -638.039
0 -638.859
0 -638.859
0 -639.657
0 -639.657
0 -639.657
0 -639.939
0 -640.143
0 -640.143
0 -640.143
0 -641.241
0 -641.241
0 -641.303
0 -641.303
0 -641.88
0 -641.88
0 -641.88
0 -641.88
0 -642.495
0 -642.495
0 -643.378
0 -643.622
0 -644.099
0 -644.34
0 -644.553
0 -644.553
0 -644.64
0 -645.529
0 -645.529
0 -645.529
0 -645.529
0 -645.529
0 -646.166
0 -646.862
0 -646.862
0 -646.926
0 -647.275
0 -647.275
0 -648.375
0 -648.375
0 -648.375
0 -648.375
0 -648.375
0 -648.709
0 -650.443
0 -650.443
0 -650.443
0 -650.443
0 -650.587
0 -651.443
0 -651.581
0 -651.581
0 -651.581
0 -652.348
0 -652.597
0 -652.828
0 -653.253
0 -653.253
0 -654.484
0 -655.085
0 -655.221
0 -655.221
0 -655.561
0 -655.561
0 -656.005
0 -656.265
0 -656.265
0 -657.093
0 -657.093
0 -657.202
0 -658.295
0 -658.295
0 -658.573
0 -658.573
0 -658.573
0 -658.683
0 -659.34
0 -659.347
0 -662.066
0 -662.066
0 -662.066
0 -662.066
0 -662.066
0 -662.066
0 -662.275
0 -662.275
0 -662.69
0 -662.69
0 -662.69
0 -662.69
0 -663.908
0 -663.908
0 -663.908
0 -665.237
0 -665.237
0 -665.237
0 -665.237
0 -665.237
0 -666.388
0 -666.388
0 -666.388
0 -666.667
0 -667.132
0 -667.132
0 -668.272
0 -668.272
0 -668.272
0 -668.272
0 -668.272
0 -668.272
0 -668.272
0 -668.36
0 -669.247
0 -669.75
0 -669.75
0 -669.949
0 -669.949
0 -669.949
0 -669.949
0 -671.137
0 -673.054
0 -673.054
0 -673.054
0 -673.054
0 -673.325
0 -673.325
0 -673.325
0 -673.325
0 -673.325
0 -673.803
0 -674.147
0 -674.147
0 -674.147
0 -675.11
0 -676.068
0 -676.068
0 -676.068
0 -676.068
0 -676.068
0 -676.143
0 -676.143
0 -676.321
0 -677.662
0 -677.662
0 -677.662
0 -677.662
0 -677.775
0 -678.079
0 -678.535
0 -679.088
0 -680.218
0 -680.218
0 -680.649
0 -680.649
0 -681.367
0 -682.27
0 -682.343
0 -682.99
0 -682.99
0 -682.99
0 -682.99
0 -682.99
0 -684.456
0 -684.456
0 -684.456
0 -684.456
0 -684.456
0 -685.182
0 -685.226
0 -685.226
0 -685.226
0 -685.226
0 -685.707
0 -686.44
0 -686.548
0 -686.548
0 -686.661
0 -687.249
0 -687.249
0 -687.249
0 -687.404
0 -687.413
0 -687.58
0 -687.58
0 -687.58
0 -688.459
0 -688.622
0 -688.919
0 -688.919
0 -690.027
0 -690.027
0 -690.027
0 -690.027
0 -690.749
0 -690.944
0 -690.944
0 -691.934
0 -691.934
0 -691.934
0 -691.934
0 -692.47
0 -692.47
0 -692.47
0 -692.47
0 -692.554
0 -693.993
0 -693.993
0 -693.993
0 -694.137
0 -694.664
0 -695.51
0 -696.576
0 -696.742
0 -697.17
0 -697.17
0 -697.17
0 -697.17
0 -697.789
0 -697.789
0 -698.842
0 -698.924
0 -699.309
0 -699.349
0 -699.349
0 -699.349
0 -701.683
0 -701.71
0 -701.71
0 -701.71
0 -702.116
0 -702.116
0 -702.116
0 -703.287
0 -703.287
0 -703.776
0 -704.044
0 -704.41
0 -704.816
0 -705.254
0 -706.647
0 -706.647
0 -706.715
0 -708.147
0 -708.147
0 -708.147
0 -708.674
0 -710.595
0 -710.697
0 -710.697
0 -710.697
0 -710.697
0 -711.705
0 -711.705
0 -712.418
0 -712.418
0 -712.477
0 -713.396
0 -714.036
0 -714.12
0 -714.12
0 -716.577
0 -716.577
0 -716.577
0 -716.577
0 -717.698
0 -717.698
0 -717.698
0 -717.698
0 -717.698
0 -718.375
0 -718.375
0 -718.375
0 -718.375
0 -718.375
0 -718.375
0 -718.375
0 -718.375
0 -718.375
0 -718.375
0 -718.375
0 -718.375
0 -718.375
0 -719.653
0 -719.964
0 -720.465
0 -721.235
0 -721.235
0 -722.651
0 -723.53
0 -723.53
0 -723.53
0 -723.53
0 -723.955
0 -724.355
0 -724.355
0 -724.355
0 -724.355
0 -724.996
0 -725.108
0 -725.108
0 -725.108
0 -725.372
0 -725.372
0 -725.372
0 -726.037
0 -726.037
0 -726.78
0 -726.78
0 -727.085
0 -727.254
0 -728.518
0 -728.518
0 -728.563
0 -728.563
0 -730.075
0 -730.075
0 -730.075
0 -730.644
0 -730.644
0 -731.885
0 -732.08
0 -732.201
0 -732.394
0 -732.394
0 -732.394
0 -732.394
0 -733.047
0 -733.631
0 -734.1
0 -735.027
0 -735.027
0 -735.893
0 -735.94
0 -735.94
0 -735.94
0 -736.338
0 -736.338
0 -737.033
0 -737.309
0 -737.309
0 -738.489
0 -739.147
0 -739.147
0 -739.371
0 -739.62
0 -741.144
0 -741.144
0 -741.349
0 -741.955
0 -741.955
0 -742.361
0 -743.747
0 -inf
0 -inf
0 -inf
0 -inf
0 -inf
0 -inf
0 -inf
0 -inf
0 -inf
0 -inf
0 -inf
0 -inf
0 -inf
0 -inf
0 -inf
0 -inf
0 -inf
0 -inf
0 -inf
0 -inf
0 -inf
0 -inf
0 -inf
0 -inf
0 -inf
0 -inf
0 -inf
0 -inf
0 -inf
0 -inf
0 -inf
0 -inf
0 -inf
0 -inf
0 -inf
0 -inf
0 -inf
0 -inf
0 -inf
0 -inf
0 -inf
0 -inf
0 -inf
0 -inf
0 -inf
0 -inf
0 -inf
0 -inf
0 -inf
0 -inf
0 -inf
0 -inf
0 -inf
0 -inf
0 -inf
0 -inf
0 -inf
0 -inf
0 -inf
0 -inf
0 -inf
0 -inf
0 -inf
0 -inf
0 -inf
0 -inf
0 -inf
0 -inf
0 -inf
0 -inf
0 -inf
0 -inf
0 -inf
0 -inf
0 -inf
0 -inf
0 -inf
0 -inf
0 -inf
0 -inf
0 -inf
0 -inf
0 -inf
0 -inf
0 -inf
0 -inf
0 -inf
0 -inf
0 -inf
0 -inf
0 -inf
0 -inf
0 -inf
0 -inf
0 -inf
0 -inf
0 -inf
0 -inf
0 -inf
0 -inf
0 -inf
0 -inf
0 -inf
0 -inf
0 -inf
0 -inf
0 -inf
0 -inf
0 -inf
0 -inf
0 -inf
0 -inf
0 -inf
0 -inf
0 -inf
0 -inf
0 -inf
0 -inf
0 -inf
0 -inf
0 -inf
0 -inf
0 -inf
0 -inf
0 -inf
0 -inf
0 -inf
0 -inf
0 -inf
0 -inf
0 -inf
0 -inf
0 -inf
0 -inf
0 -inf
0 -inf
0 -inf
0 -inf
0 -inf
0 -inf
0 -inf
0 -inf
0 -inf
0 -inf
0 -inf
0 -inf
0 -inf
0 -inf
0 -inf
0 -inf
0 -inf
0 -inf
0 -inf
0 -inf
0 -inf
0 -inf
0 -inf
0 -inf
0 -inf
0 -inf
0 -inf
0 -inf
0 -inf
0 -inf
0 -inf
0 -inf
0 -inf
0 -inf
0 -inf
0 -inf
0 -inf
0 -inf
0 -inf
0 -inf
0 -inf
0 -inf
0 -inf
0 -inf
0 -inf
0 -inf
0 -inf
0 -inf
0 -inf
0 -inf
0 -inf
0 -inf
0 -inf
0 -inf
0 -inf
0 -inf
0 -inf
0 -inf
0 -inf
0 -inf
0 -inf
0 -inf
0 -inf
0 -inf
0 -inf
0 -inf
0 -inf
0 -inf
0 -inf
0 -inf
0 -inf
0 -inf
0 -inf
0 -inf
0 -inf
0 -inf
0 -inf
0 -inf
0 -inf
0 -inf
0 -inf
0 -inf
0 -inf
0 -inf
0 -inf
0 -inf
0 -inf
0 -inf
0 -inf
0 -inf
0 -inf
0 -inf
0 -inf
0 -inf
0 -inf
0 -inf
0 -inf
0 -inf
0 -inf
0 -inf
0 -inf
0 -inf
0 -inf
0 -inf
0 -inf
0 -inf
0 -inf
0 -inf
0 -inf
0 -inf
0 -inf
0 -inf
0 -inf
0 -inf
0 -inf
0 -inf
0 -inf
0 -inf
0 -inf
0 -inf
0 -inf
0 -inf
0 -inf
0 -inf
0 -inf
0 -inf
0 -inf
0 -inf
0 -inf
0 -inf
0 -inf
0 -inf
0 -inf
0 -inf
0 -inf
0 -inf
0 -inf
0 -inf
0 -inf
0 -inf
0 -inf
0 -inf
0 -inf
0 -inf
0 -inf
0 -inf
0 -inf
0 -inf
0 -inf
0 -inf
0 -inf
0 -inf
0 -inf
0 -inf
0 -inf
0 -inf
0 -inf
0 -inf
0 -inf
0 -inf
0 -inf
0 -inf
0 -inf
0 -inf
0 -inf
0 -inf
0 -inf
0 -inf
0 -inf
0 -inf
0 -inf
0 -inf
0 -inf
0 -inf
0 -inf
0 -inf
0 -inf
0 -inf
0 -inf
0 -inf
0 -inf
0 -inf
0 -inf
0 -inf
0 -inf
0 -inf
0 -inf
0 -inf
0 -inf
0 -inf
0 -inf
0 -inf
0 -inf
0 -inf
0 -inf
0 -inf
0 -inf
0 -inf
0 -inf
0 -inf
0 -inf
0 -inf
0 -inf
0 -inf
0 -inf
0 -inf
0 -inf
0 -inf
0 -inf
0 -inf
0 -inf
0 -inf
0 -inf
0 -inf
0 -inf
0 -inf
0 -inf
0 -inf
0 -inf
0 -inf
0 -inf
0 -inf
0 -inf
0 -inf
0 -inf
0 -inf
0 -inf
0 -inf
0 -inf
0 -inf
0 -inf
0 -inf
0 -inf
0 -inf
0 -inf
0 -inf
0 -inf
0 -inf
0 -inf
0 -inf
0 -inf
0 -inf
0 -inf
0 -inf
0 -inf
0 -inf
0 -inf
0 -inf
0 -inf
0 -inf
0 -inf
0 -inf
0 -inf
0 -inf
0 -inf
0 -inf
0 -inf
0 -inf
0 -inf
0 -inf
0 -inf
0 -inf
0 -inf
0 -inf
0 -inf
0 -inf
0 -inf
0 -inf
0 -inf
0 -inf
0 -inf
0 -inf
0 -inf
0 -inf
0 -inf
0 -inf
0 -inf
0 -inf
0 -inf
0 -inf
0 -inf
0 -inf
0 -inf
0 -inf
0 -inf
0 -inf
0 -inf
0 -inf
0 -inf
0 -inf
0 -inf
0 -inf
0 -inf
0 -inf
0 -inf
0 -inf
0 -inf
0 -inf
0 -inf
0 -inf
0 -inf
0 -inf
0 -inf
0 -inf
0 -inf
0 -inf
0 -inf
0 -inf
0 -inf
0 -inf
0 -inf
0 -inf
0 -inf
0 -inf
0 -inf
0 -inf
0 -inf
0 -inf
0 -inf
0 -inf
0 -inf
0 -inf
0 -inf
0 -inf
0 -inf
0 -inf
0 -inf
0 -inf
0 -inf
0 -inf
0 -inf
0 -inf
0 -inf
0 -inf
0 -inf
0 -inf
0 -inf
0 -inf
0 -inf
0 -inf
0 -inf
0 -inf
0 -inf
0 -inf
0 -inf
0 -inf
0 -inf
0 -inf
0 -inf
0 -inf
0 -inf
0 -inf
0 -inf
0 -inf
0 -inf
0 -inf
0 -inf
0 -inf
0 -inf
0 -inf
0 -inf
0 -inf
0 -inf
0 -inf
0 -inf
0 -inf
0 -inf
0 -inf
0 -inf
0 -inf
0 -inf
0 -inf
0 -inf
0 -inf
0 -inf
0 -inf
0 -inf
0 -inf
0 -inf
0 -inf
0 -inf
0 -inf
0 -inf
0 -inf
0 -inf
0 -inf
0 -inf
0 -inf
0 -inf
0 -inf
0 -inf
0 -inf
0 -inf
0 -inf
0 -inf
0 -inf
0 -inf
0 -inf
0 -inf
0 -inf
0 -inf
0 -inf
0 -inf
0 -inf
0 -inf
0 -inf
0 -inf
0 -inf
0 -inf
0 -inf
0 -inf
0 -inf
0 -inf
0 -inf
0 -inf
0 -inf
0 -inf
0 -inf
0 -inf
0 -inf
0 -inf
0 -inf
0 -inf
0 -inf
0 -inf
0 -inf
0 -inf
0 -inf
0 -inf
0 -inf
0 -inf
0 -inf
0 -inf
0 -inf
0 -inf
0 -inf
0 -inf
0 -inf
0 -inf
0 -inf
0 -inf
0 -inf
0 -inf
0 -inf
0 -inf
0 -inf
0 -inf
0 -inf
0 -inf
0 -inf
0 -inf
0 -inf
0 -inf
0 -inf
0 -inf
0 -inf
0 -inf
0 -inf
0 -inf
0 -inf
0 -inf
0 -inf
0 -inf
0 -inf
0 -inf
0 -inf
0 -inf
0 -inf
0 -inf
0 -inf
0 -inf
0 -inf
0 -inf
0 -inf
0 -inf
0 -inf
0 -inf
0 -inf
0 -inf
0 -inf
0 -inf
0 -inf
0 -inf
0 -inf
0 -inf
0 -inf
0 -inf
0 -inf
0 -inf
0 -inf
0 -inf
0 -inf
0 -inf
0 -inf
0 -inf
0 -inf
0 -inf
0 -inf
0 -inf
0 -inf
0 -inf
0 -inf
0 -inf
0 -inf
0 -inf
0 -inf
0 -inf
0 -inf
0 -inf
0 -inf
0 -inf
0 -inf
0 -inf
0 -inf
0 -inf
0 -inf
0 -inf
0 -inf
0 -inf
0 -inf
0 -inf
0 -inf
0 -inf
0 -inf
0 -inf
0 -inf
0 -inf
0 -inf
0 -inf
0 -inf
0 -inf
0 -inf
0 -inf
0 -inf
0 -inf
0 -inf
0 -inf
0 -inf
0 -inf
0 -inf
0 -inf
0 -inf
0 -inf
0 -inf
0 -inf
0 -inf
0 -inf
0 -inf
0 -inf
0 -inf
0 -inf
0 -inf
0 -inf
0 -inf
0 -inf
0 -inf
0 -inf
0 -inf
0 -inf
0 -inf
0 -inf
0 -inf
0 -inf
0 -inf
0 -inf
0 -inf
0 -inf
0 -inf
0 -inf
0 -inf
0 -inf
0 -inf
0 -inf
0 -inf
0 -inf
0 -inf
0 -inf
0 -inf
0 -inf
0 -inf
0 -inf
0 -inf
0 -inf
0 -inf
0 -inf
0 -inf
0 -inf
0 -inf
0 -inf
0 -inf
0 -inf
0 -inf
0 -inf
0 -inf
0 -inf
0 -inf
0 -inf
0 -inf
0 -inf
0 -inf
0 -inf
0 -inf
0 -inf
0 -inf
0 -inf
0 -inf
0 -inf
0 -inf
0 -inf
0 -inf
0 -inf
0 -inf
0 -inf
0 -inf
0 -inf
0 -inf
0 -inf
0 -inf
0 -inf
0 -inf
0 -inf
0 -inf
0 -inf
0 -inf
0 -inf
0 -inf
0 -inf
0 -inf
0 -inf
0 -inf
0 -inf
0 -inf
0 -inf
0 -inf
0 -inf
0 -inf
0 -inf
0 -inf
0 -inf
0 -inf
0 -inf
0 -inf
0 -inf
0 -inf
0 -inf
0 -inf
0 -inf
0 -inf
0 -inf
0 -inf
0 -inf
0 -inf
0 -inf
0 -inf
0 -inf
0 -inf
0 -inf
0 -inf
0 -inf
0 -inf
0 -inf
0 -inf
0 -inf
0 -inf
0 -inf
0 -inf
0 -inf
0 -inf
0 -inf
0 -inf
0 -inf
0 -inf
0 -inf
0 -inf
0 -inf
0 -inf
0 -inf
0 -inf
0 -inf
0 -inf
0 -inf
0 -inf
0 -inf
0 -inf
0 -inf
0 -inf
0 -inf
0 -inf
0 -inf
0 -inf
0 -inf
0 -inf
0 -inf
0 -inf
0 -inf
0 -inf
0 -inf
0 -inf
0 -inf
0 -inf
0 -inf
0 -inf
0 -inf
0 -inf
0 -inf
0 -inf
0 -inf
0 -inf
0 -inf
0 -inf
0 -inf
0 -inf
0 -inf
0 -inf
0 -inf
0 -inf
0 -inf
0 -inf
0 -inf
0 -inf
0 -inf
0 -inf
0 -inf
0 -inf
0 -inf
0 -inf
0 -inf
0 -inf
0 -inf
0 -inf
0 -inf
0 -inf
0 -inf
0 -inf
0 -inf
0 -inf
0 -inf
0 -inf
0 -inf
0 -inf
0 -inf
0 -inf
0 -inf
0 -inf
0 -inf
0 -inf
0 -inf
0 -inf
0 -inf
0 -inf
0 -inf
0 -inf
0 -inf
0 -inf
0 -inf
0 -inf
0 -inf
0 -inf
0 -inf
0 -inf
0 -inf
0 -inf
0 -inf
0 -inf
0 -inf
0 -inf
0 -inf
0 -inf
0 -inf
0 -inf
0 -inf
0 -inf
0 -inf
0 -inf
0 -inf
0 -inf
0 -inf
0 -inf
0 -inf
0 -inf
0 -inf
0 -inf
0 -inf
0 -inf
0 -inf
0 -inf
0 -inf
0 -inf
0 -inf
0 -inf
0 -inf
0 -inf
0 -inf
0 -inf
0 -inf
0 -inf
0 -inf
0 -inf
0 -inf
0 -inf
0 -inf
0 -inf
0 -inf
0 -inf
0 -inf
0 -inf
0 -inf
0 -inf
0 -inf
0 -inf
0 -inf
0 -inf
0 -inf
0 -inf
0 -inf
0 -inf
0 -inf
0 -inf
0 -inf
0 -inf
0 -inf
0 -inf
0 -inf
0 -inf
0 -inf
0 -inf
0 -inf
0 -inf
0 -inf
0 -inf
0 -inf
0 -inf
0 -inf
0 -inf
0 -inf
0 -inf
0 -inf
0 -inf
0 -inf
0 -inf
0 -inf
0 -inf
0 -inf
0 -inf
0 -inf
0 -inf
0 -inf
0 -inf
0 -inf
0 -inf
0 -inf
0 -inf
0 -inf
0 -inf
0 -inf
0 -inf
0 -inf
0 -inf
0 -inf
0 -inf
0 -inf
0 -inf
0 -inf
0 -inf
0 -inf
0 -inf
0 -inf
0 -inf
0 -inf
0 -inf
0 -inf
0 -inf
0 -inf
0 -inf
0 -inf
0 -inf
0 -inf
0 -inf
0 -inf
0 -inf
0 -inf
0 -inf
0 -inf
0 -inf
0 -inf
0 -inf
0 -inf
0 -inf
0 -inf
0 -inf
0 -inf
0 -inf
0 -inf
0 -inf
0 -inf
0 -inf
0 -inf
0 -inf
0 -inf
0 -inf
0 -inf
0 -inf
0 -inf
0 -inf
0 -inf
0 -inf
0 -inf
0 -inf
0 -inf
0 -inf
0 -inf
0 -inf
0 -inf
0 -inf
0 -inf
0 -inf
0 -inf
0 -inf
0 -inf
0 -inf
0 -inf
0 -inf
0 -inf
0 -inf
0 -inf
0 -inf
0 -inf
0 -inf
0 -inf
0 -inf
0 -inf
0 -inf
0 -inf
0 -inf
0 -inf
0 -inf
0 -inf
0 -inf
0 -inf
0 -inf
0 -inf
0 -inf
0 -inf
0 -inf
0 -inf
0 -inf
0 -inf
0 -inf
0 -inf
0 -inf
0 -inf
0 -inf
0 -inf
0 -inf
0 -inf
0 -inf
0 -inf
0 -inf
0 -inf
0 -inf
0 -inf
0 -inf
0 -inf
0 -inf
0 -inf
0 -inf
0 -inf
0 -inf
0 -inf
0 -inf
0 -inf
0 -inf
0 -inf
0 -inf
0 -inf
0 -inf
0 -inf
0 -inf
0 -inf
0 -inf
0 -inf
0 -inf
0 -inf
0 -inf
0 -inf
0 -inf
0 -inf
0 -inf
0 -inf
0 -inf
0 -inf
0 -inf
0 -inf
0 -inf
0 -inf
0 -inf
0 -inf
0 -inf
0 -inf
0 -inf
0 -inf
0 -inf
0 -inf
0 -inf
0 -inf
0 -inf
0 -inf
0 -inf
0 -inf
0 -inf
0 -inf
0 -inf
0 -inf
0 -inf
0 -inf
0 -inf
0 -inf
0 -inf
0 -inf
0 -inf
0 -inf
0 -inf
0 -inf
0 -inf
0 -inf
0 -inf
0 -inf
0 -inf
0 -inf
0 -inf
0 -inf
0 -inf
0 -inf
0 -inf
0 -inf
0 -inf
0 -inf
0 -inf
0 -inf
0 -inf
0 -inf
0 -inf
0 -inf
0 -inf
0 -inf
0 -inf
0 -inf
0 -inf
0 -inf
0 -inf
0 -inf
0 -inf
0 -inf
0 -inf
0 -inf
0 -inf
0 -inf
0 -inf
0 -inf
0 -inf
0 -inf
0 -inf
0 -inf
0 -inf
0 -inf
0 -inf
0 -inf
0 -inf
0 -inf
0 -inf
0 -inf
0 -inf
0 -inf
0 -inf
0 -inf
0 -inf
0 -inf
0 -inf
0 -inf
0 -inf
0 -inf
0 -inf
0 -inf
0 -inf
0 -inf
0 -inf
0 -inf
0 -inf
0 -inf
0 -inf
0 -inf
0 -inf
0 -inf
0 -inf
0 -inf
0 -inf
0 -inf
0 -inf
0 -inf
0 -inf
0 -inf
0 -inf
0 -inf
0 -inf
0 -inf
0 -inf
0 -inf
0 -inf
0 -inf
0 -inf
0 -inf
0 -inf
0 -inf
0 -inf
0 -inf
0 -inf
0 -inf
0 -inf
0 -inf
0 -inf
0 -inf
0 -inf
0 -inf
0 -inf
0 -inf
0 -inf
0 -inf
0 -inf
0 -inf
0 -inf
0 -inf
0 -inf
0 -inf
0 -inf
0 -inf
0 -inf
0 -inf
0 -inf
0 -inf
0 -inf
0 -inf
0 -inf
0 -inf
0 -inf
0 -inf
0 -inf
0 -inf
0 -inf
0 -inf
0 -inf
0 -inf
0 -inf
0 -inf
0 -inf
0 -inf
0 -inf
0 -inf
0 -inf
0 -inf
0 -inf
0 -inf
0 -inf
0 -inf
0 -inf
0 -inf
0 -inf
0 -inf
0 -inf
0 -inf
0 -inf
0 -inf
0 -inf
0 -inf
0 -inf
0 -inf
0 -inf
0 -inf
0 -inf
0 -inf
0 -inf
0 -inf
0 -inf
0 -inf
0 -inf
0 -inf
0 -inf
0 -inf
0 -inf
0 -inf
0 -inf
0 -inf
0 -inf
0 -inf
0 -inf
0 -inf
0 -inf
0 -inf
0 -inf
0 -inf
0 -inf
0 -inf
0 -inf
0 -inf
0 -inf
0 -inf
0 -inf
0 -inf
0 -inf
0 -inf
0 -inf
0 -inf
0 -inf
0 -inf
0 -inf
0 -inf
0 -inf
0 -inf
0 -inf
0 -inf
0 -inf
0 -inf
0 -inf
0 -inf
0 -inf
0 -inf
0 -inf
0 -inf
0 -inf
0 -inf
0 -inf
0 -inf
0 -inf
0 -inf
0 -inf
0 -inf
0 -inf
0 -inf
0 -inf
0 -inf
0 -inf
0 -inf
0 -inf
0 -inf
0 -inf
0 -inf
0 -inf
0 -inf
0 -inf
0 -inf
0 -inf
0 -inf
0 -inf
0 -inf
0 -inf
0 -inf
0 -inf
0 -inf
0 -inf
0 -inf
0 -inf
0 -inf
0 -inf
0 -inf
0 -inf
0 -inf
0 -inf
0 -inf
0 -inf
0 -inf
0 -inf
0 -inf
0 -inf
0 -inf
0 -inf
0 -inf
0 -inf
0 -inf
0 -inf
0 -inf
0 -inf
0 -inf
0 -inf
0 -inf
0 -inf
0 -inf
0 -inf
0 -inf
0 -inf
0 -inf
0 -inf
0 -inf
0 -inf
0 -inf
0 -inf
0 -inf
0 -inf
0 -inf
0 -inf
0 -inf
0 -inf
0 -inf
0 -inf
0 -inf
0 -inf
0 -inf
0 -inf
0 -inf
0 -inf
0 -inf
0 -inf
0 -inf
0 -inf
0 -inf
0 -inf
0 -inf
0 -inf
0 -inf
0 -inf
0 -inf
0 -inf
0 -inf
0 -inf
0 -inf
0 -inf
0 -inf
0 -inf
0 -inf
0 -inf
0 -inf
0 -inf
0 -inf
0 -inf
0 -inf
0 -inf
0 -inf
0 -inf
0 -inf
0 -inf
0 -inf
0 -inf
0 -inf
0 -inf
0 -inf
0 -inf
0 -inf
0 -inf
0 -inf
0 -inf
0 -inf
0 -inf
0 -inf
0 -inf
0 -inf
0 -inf
0 -inf
0 -inf
0 -inf
0 -inf
0 -inf
0 -inf
0 -inf
0 -inf
0 -inf
0 -inf
0 -inf
0 -inf
0 -inf
0 -inf
0 -inf
0 -inf
0 -inf
0 -inf
0 -inf
0 -inf
0 -inf
0 -inf
0 -inf
0 -inf
0 -inf
0 -inf
0 -inf
0 -inf
0 -inf
0 -inf
0 -inf
0 -inf
0 -inf
0 -inf
0 -inf
0 -inf
0 -inf
0 -inf
0 -inf
0 -inf
0 -inf
0 -inf
0 -inf
0 -inf
0 -inf
0 -inf
0 -inf
0 -inf
0 -inf
0 -inf
0 -inf
0 -inf
0 -inf
0 -inf
0 -inf
0 -inf
0 -inf
0 -inf
0 -inf
0 -inf
0 -inf
0 -inf
0 -inf
0 -inf
0 -inf
0 -inf
0 -inf
0 -inf
0 -inf
0 -inf
0 -inf
0 -inf
0 -inf
0 -inf
0 -inf
0 -inf
0 -inf
0 -inf
0 -inf
0 -inf
0 -inf
0 -inf
0 -inf
0 -inf
0 -inf
0 -inf
0 -inf
0 -inf
0 -inf
0 -inf
0 -inf
0 -inf
0 -inf
0 -inf
0 -inf
0 -inf
0 -inf
0 -inf
0 -inf
0 -inf
0 -inf
0 -inf
0 -inf
0 -inf
0 -inf
0 -inf
0 -inf
0 -inf
0 -inf
0 -inf
0 -inf
0 -inf
0 -inf
0 -inf
0 -inf
0 -inf
0 -inf
0 -inf
0 -inf
0 -inf
0 -inf
0 -inf
0 -inf
0 -inf
0 -inf
0 -inf
0 -inf
0 -inf
0 -inf
0 -inf
0 -inf
0 -inf
0 -inf
0 -inf
0 -inf
0 -inf
0 -inf
0 -inf
0 -inf
0 -inf
0 -inf
0 -inf
0 -inf
0 -inf
0 -inf
0 -inf
0 -inf
0 -inf
0 -inf
0 -inf
0 -inf
0 -inf
0 -inf
0 -inf
0 -inf
0 -inf
0 -inf
0 -inf
0 -inf
0 -inf
0 -inf
0 -inf
0 -inf
0 -inf
0 -inf
0 -inf
0 -inf
0 -inf
0 -inf
0 -inf
0 -inf
0 -inf
0 -inf
0 -inf
0 -inf
0 -inf
0 -inf
0 -inf
0 -inf
0 -inf
0 -inf
0 -inf
0 -inf
0 -inf
0 -inf
0 -inf
0 -inf
0 -inf
0 -inf
0 -inf
0 -inf
0 -inf
0 -inf
0 -inf
0 -inf
0 -inf
0 -inf
0 -inf
0 -inf
0 -inf
0 -inf
0 -inf
0 -inf
0 -inf
0 -inf
0 -inf
0 -inf
0 -inf
0 -inf
0 -inf
0 -inf
0 -inf
0 -inf
0 -inf
0 -inf
0 -inf
0 -inf
0 -inf
0 -inf
0 -inf
0 -inf
0 -inf
0 -inf
0 -inf
0 -inf
0 -inf
0 -inf
0 -inf
0 -inf
0 -inf
0 -inf
0 -inf
0 -inf
0 -inf
0 -inf
0 -inf
0 -inf
0 -inf
0 -inf
0 -inf
0 -inf
0 -inf
0 -inf
0 -inf
0 -inf
0 -inf
0 -inf
0 -inf
0 -inf
0 -inf
0 -inf
0 -inf
0 -inf
0 -inf
0 -inf
0 -inf
0 -inf
0 -inf
0 -inf
0 -inf
0 -inf
0 -inf
0 -inf
0 -inf
0 -inf
0 -inf
0 -inf
0 -inf
0 -inf
0 -inf
0 -inf
0 -inf
0 -inf
0 -inf
0 -inf
0 -inf
0 -inf
0 -inf
0 -inf
0 -inf
0 -inf
0 -inf
0 -inf
0 -inf
0 -inf
0 -inf
0 -inf
0 -inf
0 -inf
0 -inf
0 -inf
0 -inf
0 -inf
0 -inf
0 -inf
0 -inf
0 -inf
0 -inf
0 -inf
0 -inf
0 -inf
0 -inf
0 -inf
0 -inf
0 -inf
0 -inf
0 -inf
0 -inf
0 -inf
0 -inf
0 -inf
0 -inf
0 -inf
0 -inf
0 -inf
0 -inf
0 -inf
0 -inf
0 -inf
0 -inf
0 -inf
0 -inf
0 -inf
0 -inf
0 -inf
0 -inf
0 -inf
0 -inf
0 -inf
0 -inf
0 -inf
0 -inf
0 -inf
0 -inf
0 -inf
0 -inf
0 -inf
0 -inf
0 -inf
0 -inf
0 -inf
0 -inf
0 -inf
0 -inf
0 -inf
0 -inf
0 -inf
0 -inf
0 -inf
0 -inf
0 -inf
0 -inf
0 -inf
0 -inf
0 -inf
0 -inf
0 -inf
0 -inf
0 -inf
0 -inf
0 -inf
0 -inf
0 -inf
0 -inf
0 -inf
0 -inf
0 -inf
0 -inf
0 -inf
0 -inf
0 -inf
0 -inf
0 -inf
0 -inf
0 -inf
0 -inf
0 -inf
0 -inf
0 -inf
0 -inf
0 -inf
0 -inf
0 -inf
0 -inf
0 -inf
0 -inf
0 -inf
0 -inf
0 -inf
0 -inf
0 -inf
0 -inf
0 -inf
0 -inf
0 -inf
0 -inf
0 -inf
0 -inf
0 -inf
0 -inf
0 -inf
0 -inf
0 -inf
0 -inf
0 -inf
0 -inf
0 -inf
0 -inf
0 -inf
0 -inf
0 -inf
0 -inf
0 -inf
