0 13.154
0 13.154
0 13.154
0 13.154
0 13.154
0 13.154
0 13.154
0 13.154
0 13.154
0 13.154
0 13.154
0 13.154
0 13.154
0 13.154
0 13.154
0 13.154
0 13.154
0 13.154
0 13.154
0 13.154
0 13.154
0 13.154
0 12.0771
0 12.0771
0 12.0771
0 12.0771
0 12.0771
0 12.0771
0 12.0771
0 12.0771
0 12.0771
0 12.0771
0 12.0771
0 12.0771
0 12.0771
0 12.0771
0 12.0771
0 12.0771
0 12.0771
0 12.0771
0 12.0771
0 12.0771
0 12.0771
0 11.0056
0 11.0056
0 11.0056
0 11.0056
0 11.0056
0 11.0056
0 11.0056
0 11.0056
0 11.0056
0 11.0056
0 11.0056
0 11.0056
0 11.0056
0 11.0056
0 11.0056
0 11.0056
0 9.393
0 9.393
0 9.393
0 9.393
0 9.393
0 9.393
0 9.393
0 9.393
0 9.393
0 9.393
0 9.393
0 9.393
0 9.393
0 9.393
0 9.393
0 9.393
0 9.393
0 9.393
0 9.11151
0 9.11151
0 9.11151
0 9.11151
0 9.11151
0 9.11151
0 9.11151
0 9.11151
0 9.11151
0 9.11151
0 9.11151
0 8.27333
0 8.27333
0 8.27333
0 7.75547
0 7.75547
0 7.75547
0 7.68233
0 7.68233
0 7.68233
0 7.68233
0 7.68233
0 7.68233
0 7.46883
0 7.46883
0 7.46883
0 7.46883
0 7.46883
0 7.46883
0 7.2026
0 7.2026
0 6.59147
0 6.59147
0 6.59147
0 6.59147
0 6.59147
0 6.59147
0 2.1259
0 2.1259
0 2.1259
0 2.1259
0 2.1259
0 2.1259
0 2.1259
0 2.1259
0 2.1259
0 2.1259
0 2.1259
0 2.1259
0 2.1259
0 2.1259
0 2.1259
0 2.1259
0 2.1259
0 2.1259
0 2.1259
0 2.1259
0 2.1259
0 2.1259
0 2.1259
0 2.1259
0 2.1259
0 2.1259
0 2.1259
0 2.1259
0 2.1259
0 2.1259
0 2.1259
0 2.1259
0 2.1259
0 2.1259
0 2.1259
0 1.48543
0 1.48543
0 1.02602
0 1.02602
0 1.02602
0 1.00224
0 1.00224
0 1.00224
0 1.00224
0 1.00224
0 1.00224
0 1.00224
0 1.00224
0 1.00224
0 1.00224
0 1.00123
0 0.998688
0 0.998688
0 0.997444
0 0.997125
0 0.997125
0 0.996892
0 0.186021
0 0.186021
0 -2.1526
0 -2.1526
0 -2.1526
0 -2.1526
0 -3.05534
0 -3.05534
0 -3.05534
0 -8.6098
0 -8.6098
0 -8.6098
0 -8.6098
0 -8.6098
0 -8.6098
0 -8.6098
0 -8.6098
0 -8.6098
0 -8.6098
0 -8.6098
0 -8.6098
0 -8.6098
0 -8.6098
0 -8.6098
0 -8.6098
0 -8.6098
0 -8.6098
0 -8.6098
0 -8.6098
0 -8.6098
0 -8.6098
0 -8.6098
0 -9.89855
0 -9.89855
0 -9.89855
0 -9.89855
0 -9.89855
0 -9.89855
0 -9.89855
0 -9.89855
0 -9.89855
0 -9.89855
0 -10.66
0 -10.66
0 -10.66
0 -10.66
0 -10.66
0 -10.66
0 -10.9073
0 -10.9073
0 -10.9073
0 -11.4371
0 -11.4371
0 -11.4371
0 -11.4371
0 -11.4404
0 -11.4404
0 -11.4404
0 -12.0948
0 -12.2383
0 -12.2383
0 -13.6326
0 -13.6326
0 -13.6326
0 -13.6326
0 -13.6326
0 -13.6326
0 -13.6326
0 -13.6326
0 -13.6326
0 -13.6326
0 -13.6326
0 -13.6326
0 -14.1119
0 -14.1119
0 -14.3902
0 -14.3902
0 -14.3902
0 -14.3902
0 -14.3902
0 -14.4272
0 -14.4285
0 -14.4285
0 -14.5263
0 -14.5263
0 -14.5263
0 -14.5263
0 -14.5263
0 -14.5263
0 -14.5263
0 -14.5263
0 -14.5263
0 -14.5263
0 -14.5263
0 -14.5263
0 -14.5612
0 -14.7143
0 -14.9094
0 -15.302
0 -15.4969
0 -15.6679
0 -15.8093
0 -15.8093
0 -15.9804
0 -16.0252
0 -16.0699
0 -16.1007
0 -16.1014
0 -16.1511
0 -16.1664
0 -16.1765
0 -16.1859
0 -16.1881
0 -16.2013
0 -16.2058
0 -16.2058
0 -16.2071
0 -16.2071
0 -16.2079
0 -16.2089
0 -16.2113
0 -16.2113
0 -16.2113
0 -16.2113
0 -16.2113
0 -16.2113
0 -16.2113
0 -16.2113
0 -16.2113
0 -16.2113
0 -17.9426
0 -19.4582
0 -19.4582
0 -19.4582
0 -19.4582
0 -19.4582
0 -19.4582
0 -19.4582
0 -20.7058
0 -20.7058
0 -20.7058
0 -20.7058
0 -20.7058
0 -20.7058
0 -20.7058
0 -20.7058
0 -20.7058
0 -20.7058
0 -26.8064
0 -26.8064
0 -26.8064
0 -26.8064
0 -26.8064
0 -26.8064
0 -26.8064
0 -26.8064
0 -26.8064
0 -26.8064
0 -26.8064
0 -26.8064
0 -26.8064
0 -26.8064
0 -26.8064
0 -26.8064
0 -26.8064
0 -27.3498
0 -27.3498
0 -27.3498
0 -27.3498
0 -27.3498
0 -27.3498
0 -27.3498
0 -32.9274
0 -32.9274
0 -32.9274
0 -32.9274
0 -32.9274
0 -32.9274
0 -32.9274
0 -32.9274
0 -32.9274
0 -32.9274
0 -32.9274
0 -32.9274
0 -32.9274
0 -32.9274
0 -32.9274
0 -32.9274
0 -32.9274
0 -32.9274
0 -32.9274
0 -32.9274
0 -32.9274
0 -32.9274
0 -32.9274
0 -32.9274
0 -32.9274
0 -32.9274
0 -32.9274
0 -32.9274
0 -32.9274
0 -32.9274
0 -33.7092
0 -33.7161
0 -33.7161
0 -33.7161
0 -34.8269
0 -34.8269
0 -35.0442
0 -35.0442
0 -35.0442
0 -35.6992
0 -35.6992
0 -36.1567
0 -36.1567
0 -36.1567
0 -36.1567
0 -36.1567
0 -36.1567
0 -36.1567
0 -36.3591
0 -36.3591
0 -36.3591
0 -36.3591
0 -36.3591
0 -36.7724
0 -36.7724
0 -36.7724
0 -36.7724
0 -36.7724
0 -36.7724
0 -36.9481
0 -36.9481
0 -38.1833
0 -38.1833
0 -38.585
0 -38.7317
0 -38.7674
0 -38.7674
0 -39.5608
0 -39.5608
0 -39.5608
0 -40.0403
0 -40.0403
0 -40.1119
0 -40.1119
0 -40.1119
0 -40.1119
0 -40.1119
0 -40.1119
0 -40.1119
0 -40.1119
0 -40.1119
0 -40.1119
0 -40.1119
0 -40.5336
0 -40.5336
0 -40.6308
0 -40.6308
0 -40.6308
0 -40.6308
0 -40.6308
0 -40.6308
0 -40.6308
0 -40.6308
0 -40.6308
0 -40.6308
0 -40.6885
0 -40.6887
0 -40.6887
0 -40.6887
0 -40.6887
0 -40.6887
0 -40.6887
0 -41.2443
0 -42.0065
0 -42.0065
0 -42.2632
0 -42.2632
0 -42.7142
0 -42.8447
0 -42.8447
0 -43.7083
0 -43.7083
0 -43.7154
0 -43.7258
0 -43.7258
0 -43.7258
0 -43.7258
0 -43.7258
0 -43.7258
0 -43.7258
0 -43.7258
0 -43.7258
0 -43.742
0 -43.7426
0 -43.7426
0 -43.7426
0 -45.6047
0 -45.6047
0 -47.6359
0 -47.6359
0 -47.6359
0 -47.7694
0 -47.7694
0 -47.7694
0 -47.7694
0 -47.7694
0 -47.7694
0 -47.7694
0 -47.7694
0 -49.7767
0 -49.7767
0 -50.7313
0 -50.7313
0 -50.7313
0 -50.7313
0 -50.7313
0 -52.8188
0 -52.8188
0 -52.8188
0 -52.8188
0 -53.1376
0 -53.1376
0 -54.1571
0 -54.1571
0 -56.3917
0 -56.3917
0 -56.3917
0 -56.3917
0 -56.3917
0 -56.3917
0 -56.3917
0 -56.3917
0 -56.3917
0 -56.3917
0 -56.3917
0 -56.3917
0 -56.3917
0 -57.9859
0 -57.9859
0 -57.9859
0 -57.9859
0 -57.9859
0 -57.9859
0 -57.9859
0 -57.9859
0 -57.9859
0 -57.9859
0 -57.9859
0 -57.9859
0 -57.9859
0 -57.9859
0 -57.9859
0 -57.9859
0 -57.9859
0 -57.9859
0 -57.9859
0 -58.4091
0 -58.4091
0 -58.4091
0 -58.4091
0 -58.4091
0 -58.4091
0 -58.4091
0 -59.0587
0 -59.0587
0 -59.0587
0 -61.5148
0 -61.5148
0 -61.5148
0 -61.5148
0 -61.5148
0 -61.5148
0 -61.5148
0 -61.5148
0 -61.5148
0 -61.5148
0 -61.5148
0 -61.5148
0 -61.5148
0 -61.5148
0 -61.5148
0 -61.5148
0 -61.5148
0 -61.994
0 -61.994
0 -61.994
0 -61.994
0 -61.994
0 -61.994
0 -61.994
0 -61.994
0 -61.994
0 -61.994
0 -61.994
0 -62.9849
0 -62.9849
0 -62.9849
0 -62.9849
0 -62.9849
0 -62.9849
0 -62.9849
0 -62.9849
0 -63.3922
0 -63.4111
0 -63.4636
0 -63.4636
0 -63.5211
0 -63.5211
0 -63.6356
0 -63.6356
0 -63.6356
0 -63.6356
0 -63.6356
0 -63.6356
0 -63.6356
0 -63.6356
0 -63.6356
0 -63.6356
0 -63.6356
0 -63.6356
0 -64.1999
0 -65.6716
0 -66.0595
0 -66.0595
0 -66.0595
0 -66.0595
0 -66.0595
0 -66.0595
0 -66.0595
0 -66.0595
0 -66.4326
0 -66.9229
0 -67.5462
0 -67.9026
0 -68.3068
0 -69.3444
0 -69.8543
0 -70.0618
0 -71.1452
0 -71.4979
0 -72.6407
0 -72.6407
0 -72.6407
0 -72.7908
0 -72.7908
0 -72.819
0 -73.1134
0 -73.1134
0 -73.1134
0 -73.1294
0 -73.1294
0 -73.1294
0 -73.1525
0 -73.1525
0 -73.2637
0 -73.2637
0 -73.2637
0 -73.2639
0 -73.2964
0 -73.3802
0 -73.3975
0 -73.4023
0 -73.4143
0 -73.4143
0 -73.4143
0 -73.4143
0 -73.4143
0 -73.4143
0 -73.4143
0 -73.4143
0 -73.4143
0 -73.4143
0 -73.4323
0 -74.2681
0 -74.2681
0 -76.1003
0 -76.7052
0 -76.7052
0 -76.7052
0 -77.7063
0 -77.7063
0 -77.7063
0 -77.7063
0 -77.7063
0 -81.1257
0 -81.1257
0 -81.1257
0 -81.1257
0 -81.1257
0 -81.1257
0 -81.1257
0 -81.1257
0 -81.1257
0 -81.1257
0 -81.1257
0 -81.1257
0 -81.1257
0 -81.1257
0 -81.1257
0 -81.1257
0 -81.1257
0 -81.1257
0 -81.1257
0 -81.1257
0 -82.5607
0 -82.5607
0 -82.5607
0 -82.5607
0 -82.5607
0 -82.8477
0 -82.8477
0 -82.8477
0 -82.8477
0 -82.8477
0 -83.4942
0 -83.4942
0 -83.4942
0 -83.8704
0 -83.8704
0 -83.8704
0 -83.8705
0 -83.8705
0 -84.172
0 -84.172
0 -84.172
0 -84.172
0 -84.172
0 -84.172
0 -84.172
0 -84.3231
0 -84.3231
0 -84.3231
0 -84.3231
0 -84.3231
0 -84.3231
0 -84.3231
0 -84.3231
0 -84.3231
0 -84.3231
0 -84.3276
0 -84.3276
0 -84.3351
0 -84.3351
0 -84.3351
0 -84.3351
0 -84.3351
0 -84.3351
0 -84.3351
0 -84.3351
0 -84.3351
0 -84.3351
0 -84.3351
0 -84.6437
0 -86.0843
0 -89.157
0 -89.157
0 -89.157
0 -89.157
0 -89.157
0 -89.157
0 -89.157
0 -89.157
0 -89.157
0 -89.5836
0 -89.5836
0 -89.5836
0 -90.6735
0 -90.6735
0 -90.6735
0 -90.6735
0 -91.1042
0 -92.958
0 -92.958
0 -92.958
0 -92.958
0 -93.3912
0 -93.3912
0 -93.3912
0 -93.3912
0 -93.3912
0 -94.3063
0 -94.3063
0 -94.3063
0 -94.3063
0 -94.3063
0 -94.3063
0 -94.3063
0 -94.3063
0 -94.3063
0 -94.3063
0 -94.3063
0 -94.3063
0 -94.3261
0 -94.6743
0 -94.6743
0 -94.9883
0 -95.0125
0 -95.0125
0 -95.1639
0 -95.1777
0 -95.1777
0 -95.2191
0 -95.2191
0 -95.4213
0 -95.4214
0 -95.4214
0 -95.9173
0 -95.9173
0 -97.2993
0 -99.1886
0 -99.1886
0 -99.1886
0 -99.1886
0 -99.1886
0 -99.1886
0 -99.7455
0 -101.855
0 -101.855
0 -102.509
0 -102.509
0 -103.654
0 -103.654
0 -103.654
0 -103.819
0 -103.819
0 -103.819
0 -103.819
0 -103.819
0 -103.819
0 -103.819
0 -104.02
0 -104.02
0 -104.02
0 -104.02
0 -104.02
0 -104.02
0 -104.087
0 -104.087
0 -104.087
0 -104.087
0 -104.087
0 -104.087
0 -104.087
0 -104.087
0 -104.116
0 -104.116
0 -104.116
0 -104.116
0 -104.116
0 -104.116
0 -104.116
0 -104.116
0 -104.121
0 -104.121
0 -104.121
0 -104.121
0 -104.121
0 -104.121
0 -104.122
0 -104.122
0 -104.124
0 -104.124
0 -104.724
0 -105.833
0 -111.619
0 -111.619
0 -111.619
0 -111.619
0 -111.619
0 -111.619
0 -111.619
0 -111.619
0 -111.619
0 -111.619
0 -111.619
0 -111.619
0 -111.619
0 -111.619
0 -111.619
0 -111.619
0 -111.619
0 -111.619
0 -111.619
0 -111.619
0 -111.791
0 -111.791
0 -112.453
0 -113.017
0 -113.114
0 -114.229
0 -114.229
0 -114.229
0 -114.229
0 -115.42
0 -115.42
0 -115.42
0 -115.42
0 -115.42
0 -116.224
0 -116.295
0 -117.71
0 -117.83
0 -117.83
0 -117.83
0 -117.83
0 -117.83
0 -118.19
0 -118.274
0 -118.742
0 -118.89
0 -118.89
0 -118.89
0 -119.885
0 -119.951
0 -119.951
0 -120.216
0 -120.216
0 -120.277
0 -121.087
0 -121.087
0 -121.107
0 -121.107
0 -121.107
0 -121.107
0 -121.107
0 -121.107
0 -121.107
0 -121.107
0 -121.116
0 -121.116
0 -121.116
0 -121.116
0 -121.116
0 -121.136
0 -121.137
0 -121.137
0 -121.137
0 -121.137
0 -121.14
0 -121.14
0 -121.14
0 -121.14
0 -121.14
0 -121.14
0 -121.14
0 -121.14
0 -121.14
0 -121.14
0 -121.14
0 -121.14
0 -121.14
0 -121.14
0 -121.14
0 -121.14
0 -121.14
0 -121.14
0 -121.14
0 -121.14
0 -121.14
0 -121.141
0 -121.141
0 -121.141
0 -121.141
0 -121.141
0 -121.141
0 -121.141
0 -121.141
0 -121.141
0 -121.141
0 -121.141
0 -121.141
0 -121.141
0 -121.141
0 -121.141
0 -122.28
0 -123.213
0 -123.213
0 -123.634
0 -123.925
0 -123.925
0 -123.925
0 -123.925
0 -123.925
0 -125.336
0 -125.336
0 -128.491
0 -128.491
0 -128.491
0 -128.491
0 -128.491
0 -128.491
0 -128.491
0 -128.491
0 -128.491
0 -128.491
0 -128.491
0 -128.491
0 -128.491
0 -128.491
0 -128.491
0 -128.491
0 -128.491
0 -130.786
0 -130.786
0 -130.786
0 -130.786
0 -130.786
0 -131.292
0 -131.292
0 -131.292
0 -131.292
0 -131.292
0 -131.292
0 -134.194
0 -134.194
0 -134.407
0 -135.582
0 -135.582
0 -135.582
0 -135.582
0 -135.582
0 -135.582
0 -135.582
0 -135.582
0 -136.668
0 -137.653
0 -137.653
0 -137.653
0 -137.653
0 -141.902
0 -141.902
0 -141.902
0 -141.902
0 -141.902
0 -141.902
0 -141.902
0 -141.902
0 -141.902
0 -141.902
0 -141.902
0 -141.902
0 -141.902
0 -141.902
0 -141.902
0 -141.902
0 -141.902
0 -141.902
0 -141.902
0 -141.902
0 -141.902
0 -141.902
0 -141.902
0 -141.902
0 -141.902
0 -141.902
0 -141.902
0 -141.902
0 -142.446
0 -142.446
0 -142.446
0 -142.446
0 -142.446
0 -142.446
0 -142.446
0 -142.446
0 -142.446
0 -144.754
0 -144.754
0 -144.754
0 -144.754
0 -144.754
0 -144.754
0 -144.754
0 -144.754
0 -144.754
0 -144.754
0 -144.754
0 -144.754
0 -145.947
0 -145.947
0 -147.339
0 -147.339
0 -147.339
0 -147.339
0 -147.339
0 -147.339
0 -147.339
0 -147.339
0 -147.339
0 -149.319
0 -149.319
0 -149.319
0 -149.319
0 -149.319
0 -149.319
0 -149.319
0 -149.319
0 -150.096
0 -150.096
0 -150.096
0 -150.096
0 -150.096
0 -150.096
0 -150.525
0 -150.525
0 -151.946
0 -151.946
0 -151.946
0 -151.946
0 -151.946
0 -151.946
0 -151.946
0 -151.946
0 -151.946
0 -151.946
0 -153.581
0 -153.581
0 -153.581
0 -153.581
0 -153.581
0 -153.581
0 -153.581
0 -153.581
0 -153.581
0 -153.581
0 -153.581
0 -153.581
0 -153.581
0 -153.864
0 -153.864
0 -153.864
0 -153.864
0 -153.864
0 -153.878
0 -153.878
0 -155.741
0 -155.741
0 -155.741
0 -155.741
0 -155.741
0 -155.741
0 -155.741
0 -156.762
0 -156.762
0 -156.762
0 -156.762
0 -156.762
0 -156.762
0 -156.762
0 -156.762
0 -156.762
0 -156.762
0 -157.272
0 -157.272
0 -157.272
0 -158.602
0 -158.602
0 -158.604
0 -158.7
0 -158.7
0 -158.727
0 -159.458
0 -159.73
0 -159.73
0 -160.556
0 -160.556
0 -160.635
0 -161.9
0 -161.976
0 -161.976
0 -163.22
0 -163.22
0 -163.22
0 -163.22
0 -163.22
0 -164.159
0 -164.159
0 -164.159
0 -164.159
0 -164.159
0 -165.021
0 -165.021
0 -165.337
0 -165.337
0 -165.896
0 -165.896
0 -165.896
0 -165.896
0 -165.896
0 -165.896
0 -165.896
0 -166.307
0 -166.307
0 -166.307
0 -166.307
0 -166.307
0 -166.307
0 -166.307
0 -166.307
0 -166.307
0 -166.307
0 -166.307
0 -166.307
0 -166.307
0 -166.465
0 -166.843
0 -166.909
0 -168.774
0 -170.375
0 -170.565
0 -170.565
0 -170.565
0 -170.565
0 -170.565
0 -170.818
0 -170.818
0 -171.509
0 -172.129
0 -172.129
0 -172.392
0 -172.406
0 -172.647
0 -172.656
0 -173.34
0 -173.572
0 -173.815
0 -174.135
0 -174.148
0 -174.236
0 -174.244
0 -174.521
0 -174.521
0 -174.521
0 -174.903
0 -174.903
0 -175.453
0 -176.175
0 -177.283
0 -177.793
0 -177.793
0 -177.793
0 -177.793
0 -177.793
0 -177.793
0 -177.793
0 -177.793
0 -177.793
0 -177.793
0 -177.793
0 -178.109
0 -178.28
0 -178.28
0 -178.28
0 -178.479
0 -178.735
0 -178.735
0 -178.853
0 -178.853
0 -178.853
0 -178.853
0 -178.853
0 -178.899
0 -178.899
0 -178.899
0 -178.907
0 -178.912
0 -178.915
0 -178.918
0 -178.918
0 -180.961
0 -182.919
0 -182.919
0 -182.919
0 -183.084
0 -183.084
0 -183.084
0 -184.383
0 -184.383
0 -184.383
0 -184.383
0 -184.383
0 -184.383
0 -184.383
0 -188.966
0 -188.966
0 -188.966
0 -188.966
0 -188.966
0 -188.966
0 -188.966
0 -188.966
0 -188.966
0 -188.966
0 -188.966
0 -188.966
0 -188.966
0 -188.966
0 -188.966
0 -188.966
0 -188.966
0 -188.966
0 -188.966
0 -188.966
0 -188.966
0 -188.966
0 -188.966
0 -189.808
0 -189.808
0 -189.808
0 -189.808
0 -189.808
0 -189.808
0 -189.808
0 -189.808
0 -189.808
0 -189.808
0 -189.808
0 -189.808
0 -189.808
0 -189.808
0 -190.069
0 -190.069
0 -190.967
0 -191.001
0 -191.001
0 -191.447
0 -191.465
0 -191.73
0 -191.73
0 -191.73
0 -191.784
0 -191.784
0 -191.784
0 -191.784
0 -191.784
0 -191.784
0 -191.784
0 -191.784
0 -191.784
0 -191.784
0 -191.784
0 -191.784
0 -191.784
0 -191.804
0 -191.804
0 -191.804
0 -191.804
0 -191.804
0 -191.804
0 -191.804
0 -192.394
0 -192.394
0 -192.611
0 -193.029
0 -193.392
0 -193.699
0 -193.949
0 -194.147
0 -194.301
0 -194.414
0 -194.501
0 -194.571
0 -194.619
0 -194.647
0 -194.674
0 -194.696
0 -195.081
0 -198.543
0 -198.543
0 -201.688
0 -201.688
0 -201.688
0 -202.225
0 -202.225
0 -204.437
0 -204.437
0 -204.437
0 -204.437
0 -204.437
0 -204.437
0 -205.062
0 -205.062
0 -205.062
0 -205.062
0 -205.062
0 -205.062
0 -205.062
0 -205.062
0 -205.062
0 -206.493
0 -206.493
0 -206.493
0 -206.493
0 -206.493
0 -208.778
0 -208.778
0 -208.778
0 -208.778
0 -208.778
0 -208.778
0 -208.778
0 -208.778
0 -208.778
0 -208.778
0 -208.968
0 -208.968
0 -212.32
0 -212.32
0 -212.32
0 -212.32
0 -212.32
0 -212.32
0 -213.664
0 -213.664
0 -213.664
0 -214.525
0 -214.525
0 -214.525
0 -214.525
0 -214.525
0 -215.887
0 -215.887
0 -215.887
0 -215.887
0 -215.887
0 -215.887
0 -215.887
0 -215.887
0 -215.887
0 -215.887
0 -216.344
0 -216.344
0 -216.344
0 -218.581
0 -218.581
0 -218.581
0 -218.581
0 -218.581
0 -218.581
0 -218.581
0 -219.865
0 -219.865
0 -219.865
0 -219.865
0 -219.865
0 -220.003
0 -220.257
0 -220.294
0 -220.299
0 -220.299
0 -220.299
0 -220.299
0 -220.299
0 -220.299
0 -220.299
0 -220.299
0 -220.543
0 -220.543
0 -220.543
0 -220.543
0 -220.621
0 -220.63
0 -220.63
0 -220.63
0 -220.63
0 -220.648
0 -220.651
0 -220.651
0 -220.651
0 -220.651
0 -220.651
0 -220.651
0 -220.651
0 -220.651
0 -220.651
0 -220.652
0 -220.652
0 -220.652
0 -220.652
0 -220.652
0 -220.652
0 -220.652
0 -220.652
0 -220.652
0 -221.806
0 -221.993
0 -223.873
0 -223.873
0 -223.873
0 -224.82
0 -226.218
0 -226.218
0 -226.218
0 -227.907
0 -227.907
0 -227.907
0 -227.907
0 -227.907
0 -228.239
0 -228.239
0 -228.239
0 -228.239
0 -228.239
0 -228.239
0 -228.239
0 -228.239
0 -228.239
0 -228.239
0 -228.239
0 -228.239
0 -228.239
0 -228.239
0 -229.008
0 -229.008
0 -230.714
0 -230.714
0 -231.236
0 -231.236
0 -232.063
0 -232.063
0 -232.063
0 -232.063
0 -232.063
0 -232.063
0 -232.063
0 -232.245
0 -232.245
0 -232.245
0 -233.691
0 -233.691
0 -233.691
0 -233.691
0 -233.691
0 -233.691
0 -236.719
0 -236.719
0 -236.719
0 -236.719
0 -237.423
0 -238.124
0 -238.124
0 -238.124
0 -238.438
0 -239.234
0 -243.475
0 -243.475
0 -243.475
0 -243.475
0 -243.475
0 -243.475
0 -243.475
0 -243.475
0 -243.475
0 -243.475
0 -243.475
0 -243.475
0 -243.475
0 -243.475
0 -243.475
0 -243.475
0 -243.475
0 -244.329
0 -244.329
0 -244.329
0 -244.329
0 -244.329
0 -245.575
0 -245.575
0 -245.575
0 -245.575
0 -245.575
0 -245.788
0 -245.788
0 -245.788
0 -245.788
0 -245.788
0 -245.788
0 -245.788
0 -245.788
0 -245.812
0 -245.913
0 -245.919
0 -246.088
0 -246.117
0 -246.129
0 -246.179
0 -246.225
0 -246.261
0 -246.289
0 -246.307
0 -246.324
0 -246.324
0 -246.326
0 -246.327
0 -246.327
0 -246.327
0 -246.327
0 -246.327
0 -246.327
0 -247.195
0 -249.553
0 -249.723
0 -249.723
0 -249.723
0 -249.723
0 -249.723
0 -250.007
0 -250.007
0 -250.007
0 -250.007
0 -250.007
0 -250.007
0 -250.007
0 -250.007
0 -250.451
0 -250.451
0 -251.751
0 -251.751
0 -251.809
0 -251.809
0 -251.809
0 -251.809
0 -251.809
0 -251.809
0 -255.226
0 -255.226
0 -255.953
0 -255.953
0 -255.953
0 -255.953
0 -255.953
0 -255.953
0 -255.953
0 -255.953
0 -255.953
0 -255.953
0 -255.953
0 -257.586
0 -260.994
0 -260.994
0 -260.994
0 -260.994
0 -260.994
0 -260.994
0 -260.994
0 -260.994
0 -261.152
0 -261.152
0 -261.649
0 -262.354
0 -262.354
0 -262.354
0 -262.354
0 -262.354
0 -264.361
0 -264.361
0 -264.361
0 -264.361
0 -264.361
0 -266.736
0 -266.736
0 -266.736
0 -266.736
0 -266.736
0 -266.736
0 -266.736
0 -266.736
0 -266.736
0 -266.736
0 -267.046
0 -267.046
0 -267.046
0 -268.553
0 -268.553
0 -268.553
0 -269.208
0 -269.208
0 -269.208
0 -269.208
0 -269.812
0 -269.812
0 -270.065
0 -270.065
0 -270.065
0 -270.065
0 -270.065
0 -270.065
0 -270.065
0 -270.175
0 -270.175
0 -270.239
0 -270.239
0 -270.239
0 -270.239
0 -270.239
0 -270.239
0 -270.241
0 -270.241
0 -270.246
0 -270.246
0 -270.246
0 -270.247
0 -270.247
0 -270.248
0 -270.248
0 -270.248
0 -270.506
0 -271.593
0 -273.047
0 -274.735
0 -274.735
0 -275.017
0 -275.182
0 -275.182
0 -275.182
0 -275.365
0 -280.448
0 -280.448
0 -280.448
0 -280.448
0 -280.448
0 -280.448
0 -280.448
0 -280.448
0 -280.448
0 -280.448
0 -280.448
0 -280.448
0 -280.448
0 -280.448
0 -280.448
0 -280.448
0 -280.448
0 -280.448
0 -280.448
0 -281.11
0 -281.11
0 -281.839
0 -281.839
0 -281.839
0 -281.839
0 -281.839
0 -281.839
0 -282.532
0 -283.636
0 -283.636
0 -283.636
0 -284.805
0 -284.805
0 -288.558
0 -288.558
0 -288.558
0 -288.558
0 -288.558
0 -288.558
0 -288.558
0 -288.558
0 -288.558
0 -288.558
0 -288.558
0 -288.558
0 -288.558
0 -290.326
0 -290.326
0 -290.442
0 -290.598
0 -290.598
0 -290.598
0 -292.129
0 -292.129
0 -292.129
0 -293.358
0 -293.358
0 -293.358
0 -293.674
0 -293.674
0 -296.134
0 -296.134
0 -296.134
0 -296.134
0 -296.134
0 -296.907
0 -296.907
0 -296.907
0 -296.907
0 -297.3
0 -297.3
0 -298.26
0 -298.26
0 -298.26
0 -298.26
0 -298.348
0 -298.348
0 -298.348
0 -298.348
0 -298.348
0 -299.841
0 -299.841
0 -299.841
0 -299.841
0 -299.841
0 -299.841
0 -299.992
0 -300.19
0 -300.869
0 -300.869
0 -300.869
0 -301.303
0 -301.722
0 -301.724
0 -301.724
0 -301.724
0 -301.724
0 -301.724
0 -301.782
0 -301.782
0 -301.85
0 -301.85
0 -301.85
0 -301.85
0 -302.091
0 -302.883
0 -303.827
0 -305.793
0 -306.789
0 -306.789
0 -306.789
0 -308.244
0 -308.244
0 -309.549
0 -309.549
0 -309.549
0 -309.549
0 -309.549
0 -309.612
0 -309.612
0 -309.612
0 -309.612
0 -311.517
0 -311.517
0 -311.517
0 -311.517
0 -311.517
0 -312.099
0 -312.099
0 -312.099
0 -312.099
0 -312.116
0 -312.116
0 -312.116
0 -313.677
0 -313.677
0 -313.677
0 -313.677
0 -313.677
0 -313.677
0 -313.677
0 -315.009
0 -315.009
0 -315.009
0 -316.181
0 -316.181
0 -316.181
0 -317.077
0 -317.077
0 -317.077
0 -317.557
0 -317.557
0 -317.557
0 -317.557
0 -317.557
0 -317.557
0 -317.557
0 -317.557
0 -318.949
0 -318.949
0 -318.949
0 -318.949
0 -318.949
0 -321.013
0 -321.013
0 -321.013
0 -321.013
0 -321.013
0 -321.013
0 -321.013
0 -321.013
0 -321.013
0 -321.013
0 -321.013
0 -321.013
0 -322.504
0 -322.504
0 -322.504
0 -322.504
0 -322.504
0 -322.504
0 -323.846
0 -323.846
0 -323.846
0 -323.846
0 -324.165
0 -324.165
0 -324.363
0 -326.418
0 -326.418
0 -326.663
0 -327.532
0 -327.532
0 -329.641
0 -329.641
0 -329.641
0 -329.641
0 -329.641
0 -329.641
0 -329.641
0 -329.641
0 -332.087
0 -332.087
0 -332.087
0 -332.087
0 -332.087
0 -332.087
0 -332.087
0 -332.087
0 -332.087
0 -333.664
0 -333.664
0 -334.544
0 -334.544
0 -334.544
0 -334.544
0 -334.544
0 -334.544
0 -335.423
0 -335.423
0 -335.423
0 -335.574
0 -335.801
0 -335.801
0 -335.801
0 -335.801
0 -336.231
0 -336.231
0 -336.859
0 -336.859
0 -337.991
0 -337.991
0 -337.991
0 -337.991
0 -340.136
0 -340.136
0 -340.136
0 -340.136
0 -340.136
0 -340.136
0 -340.136
0 -340.136
0 -340.136
0 -340.136
0 -340.136
0 -340.136
0 -340.136
0 -340.581
0 -340.581
0 -340.879
0 -340.879
0 -340.879
0 -341.874
0 -341.889
0 -341.889
0 -342.666
0 -342.666
0 -342.666
0 -342.752
0 -342.771
0 -342.784
0 -342.784
0 -342.784
0 -343.679
0 -343.679
0 -343.895
0 -343.895
0 -344.455
0 -344.455
0 -344.455
0 -345.698
0 -345.698
0 -349.681
0 -349.681
0 -349.681
0 -349.681
0 -349.681
0 -349.681
0 -349.681
0 -349.681
0 -349.681
0 -349.681
0 -349.681
0 -349.681
0 -349.681
0 -349.681
0 -349.681
0 -350.814
0 -350.814
0 -350.814
0 -350.822
0 -351.321
0 -351.746
0 -351.746
0 -351.746
0 -351.746
0 -351.942
0 -352.912
0 -353.453
0 -354.296
0 -354.8
0 -355.381
0 -355.384
0 -355.384
0 -355.384
0 -355.39
0 -355.422
0 -355.423
0 -355.423
0 -355.437
0 -355.437
0 -355.437
0 -355.437
0 -355.437
0 -355.437
0 -355.437
0 -355.437
0 -355.437
0 -355.437
0 -355.437
0 -355.437
0 -355.437
0 -355.926
0 -356.47
0 -358.892
0 -359.191
0 -359.191
0 -359.191
0 -365.677
0 -365.677
0 -365.677
0 -365.677
0 -365.677
0 -365.677
0 -365.677
0 -365.677
0 -365.677
0 -366.271
0 -367.799
0 -368.41
0 -368.41
0 -368.41
0 -370.394
0 -370.394
0 -371.102
0 -371.102
0 -371.102
0 -371.759
0 -372.237
0 -372.237
0 -372.898
0 -372.898
0 -372.898
0 -372.898
0 -372.898
0 -372.951
0 -372.951
0 -372.988
0 -372.988
0 -372.995
0 -372.995
0 -372.995
0 -372.999
0 -372.999
0 -372.999
0 -372.999
0 -372.999
0 -373.001
0 -373.001
0 -373.001
0 -373.001
0 -373.001
0 -373.001
0 -373.001
0 -373.001
0 -373.001
0 -373.001
0 -373.001
0 -373.001
0 -373.001
0 -373.001
0 -373.001
0 -375.068
0 -376.935
0 -376.935
0 -377.67
0 -377.67
0 -381.256
0 -381.256
0 -381.256
0 -381.256
0 -381.256
0 -381.256
0 -381.72
0 -381.72
0 -381.72
0 -383.447
0 -384.008
0 -384.008
0 -385.6
0 -385.6
0 -388.011
0 -388.011
0 -388.011
0 -388.011
0 -388.011
0 -388.011
0 -388.646
0 -388.646
0 -389.174
0 -389.483
0 -389.483
0 -389.483
0 -389.61
0 -394.352
0 -394.352
0 -395.998
0 -395.998
0 -396.951
0 -396.951
0 -396.951
0 -396.951
0 -396.951
0 -396.951
0 -396.951
0 -397.71
0 -397.71
0 -397.71
0 -398.149
0 -398.149
0 -398.149
0 -399.341
0 -399.341
0 -399.341
0 -402.516
0 -402.516
0 -402.516
0 -402.516
0 -402.516
0 -402.516
0 -402.516
0 -402.516
0 -402.516
0 -402.516
0 -402.942
0 -402.942
0 -402.942
0 -402.942
0 -402.942
0 -402.942
0 -402.942
0 -402.942
0 -402.942
0 -402.942
0 -402.942
0 -403.542
0 -403.542
0 -407.639
0 -407.639
0 -407.639
0 -407.639
0 -407.639
0 -407.639
0 -407.639
0 -407.639
0 -407.639
0 -407.639
0 -407.639
0 -407.639
0 -407.639
0 -407.639
0 -407.639
0 -407.639
0 -407.639
0 -407.639
0 -407.639
0 -407.639
0 -407.639
0 -407.639
0 -407.639
0 -407.639
0 -407.639
0 -408.914
0 -409.125
0 -409.125
0 -409.125
0 -409.125
0 -409.125
0 -409.125
0 -409.157
0 -409.157
0 -409.223
0 -409.223
0 -409.223
0 -409.223
0 -409.223
0 -409.223
0 -409.223
0 -409.223
0 -409.233
0 -410.689
0 -412.276
0 -412.276
0 -412.276
0 -412.276
0 -412.937
0 -413.808
0 -413.808
0 -413.808
0 -418.261
0 -418.261
0 -418.261
0 -418.261
0 -418.261
0 -418.261
0 -418.261
0 -418.261
0 -418.261
0 -418.261
0 -418.261
0 -418.261
0 -418.261
0 -418.261
0 -418.261
0 -419.773
0 -419.773
0 -419.773
0 -419.773
0 -419.773
0 -419.773
0 -419.773
0 -420.79
0 -420.79
0 -422.293
0 -422.293
0 -422.293
0 -422.293
0 -422.293
0 -423.22
0 -423.22
0 -423.22
0 -423.22
0 -423.22
0 -423.577
0 -423.577
0 -425.14
0 -425.14
0 -425.14
0 -425.14
0 -425.14
0 -426.631
0 -426.631
0 -426.939
0 -426.939
0 -428.565
0 -428.565
0 -428.565
0 -428.565
0 -428.565
0 -429.307
0 -429.851
0 -429.851
0 -429.851
0 -429.876
0 -430.054
0 -430.054
0 -430.054
0 -430.21
0 -430.251
0 -430.251
0 -430.745
0 -431.308
0 -431.346
0 -431.38
0 -431.42
0 -431.961
0 -433.531
0 -433.531
0 -433.531
0 -434.591
0 -434.591
0 -434.591
0 -438.33
0 -438.33
0 -438.33
0 -438.33
0 -438.33
0 -438.33
0 -438.33
0 -438.33
0 -438.485
0 -438.485
0 -438.485
0 -438.485
0 -438.485
0 -438.485
0 -438.485
0 -438.485
0 -438.485
0 -438.485
0 -438.485
0 -438.485
0 -438.485
0 -439.576
0 -440.588
0 -440.588
0 -440.588
0 -441.147
0 -442.485
0 -442.485
0 -442.485
0 -444.245
0 -444.245
0 -444.245
0 -445.546
0 -445.546
0 -445.7
0 -445.7
0 -445.7
0 -445.7
0 -448.289
0 -448.289
0 -448.289
0 -448.289
0 -448.289
0 -448.289
0 -448.289
0 -450.26
0 -450.26
0 -450.799
0 -450.799
0 -450.799
0 -450.799
0 -450.799
0 -450.799
0 -450.799
0 -450.799
0 -450.799
0 -450.799
0 -450.799
0 -450.799
0 -450.799
0 -450.812
0 -450.875
0 -451.045
0 -451.076
0 -452.235
0 -452.235
0 -453.366
0 -454.972
0 -456.152
0 -456.152
0 -456.152
0 -457.146
0 -457.364
0 -457.364
0 -457.682
0 -459.679
0 -459.679
0 -459.679
0 -459.823
0 -459.823
0 -459.852
0 -459.852
0 -459.852
0 -459.869
0 -459.869
0 -459.869
0 -459.869
0 -459.869
0 -459.869
0 -459.869
0 -459.87
0 -459.87
0 -459.87
0 -459.87
0 -459.87
0 -460.94
0 -460.94
0 -462.038
0 -463.411
0 -465.433
0 -468.291
0 -468.291
0 -468.291
0 -468.291
0 -468.818
0 -470.302
0 -470.302
0 -470.302
0 -470.302
0 -470.302
0 -470.544
0 -470.544
0 -470.544
0 -472.749
0 -472.749
0 -472.749
0 -472.749
0 -473.366
0 -475.582
0 -475.582
0 -475.584
0 -479.019
0 -479.019
0 -479.019
0 -479.019
0 -479.019
0 -479.019
0 -479.019
0 -479.019
0 -479.019
0 -479.019
0 -479.873
0 -480.149
0 -480.585
0 -481.144
0 -481.144
0 -481.24
0 -481.261
0 -481.389
0 -481.389
0 -481.389
0 -481.389
0 -481.389
0 -481.389
0 -481.402
0 -481.409
0 -481.409
0 -481.409
0 -481.409
0 -481.409
0 -481.409
0 -481.41
0 -481.41
0 -481.41
0 -481.41
0 -481.41
0 -481.41
0 -481.41
0 -481.41
0 -481.41
0 -481.41
0 -481.41
0 -481.41
0 -481.41
0 -481.41
0 -481.41
0 -481.41
0 -481.41
0 -481.41
0 -481.41
0 -481.938
0 -488.01
0 -488.01
0 -488.01
0 -488.01
0 -488.01
0 -488.01
0 -488.01
0 -488.01
0 -488.01
0 -488.01
0 -488.676
0 -488.676
0 -488.676
0 -489.548
0 -489.548
0 -489.548
0 -489.674
0 -489.674
0 -489.674
0 -491.49
0 -491.49
0 -492.295
0 -492.295
0 -492.295
0 -496.64
0 -496.64
0 -496.64
0 -496.64
0 -496.64
0 -496.64
0 -496.64
0 -499.496
0 -499.496
0 -499.496
0 -499.496
0 -499.496
0 -499.496
0 -499.496
0 -499.496
0 -499.496
0 -499.496
0 -499.496
0 -499.496
0 -499.496
0 -500.958
0 -500.958
0 -504.467
0 -504.467
0 -504.467
0 -504.467
0 -504.467
0 -504.467
0 -504.467
0 -504.467
0 -504.467
0 -504.467
0 -504.467
0 -504.467
0 -504.467
0 -504.467
0 -504.467
0 -504.467
0 -504.467
0 -504.467
0 -504.467
0 -504.467
0 -504.467
0 -504.467
0 -504.818
0 -504.818
0 -504.818
0 -504.818
0 -504.818
0 -504.818
0 -508.312
0 -508.312
0 -508.312
0 -509.668
0 -509.668
0 -509.668
0 -509.668
0 -509.668
0 -509.668
0 -509.668
0 -509.668
0 -511.198
0 -511.198
0 -511.198
0 -511.198
0 -511.198
0 -511.198
0 -511.198
0 -511.445
0 -513.877
0 -513.911
0 -513.911
0 -513.911
0 -515.915
0 -515.915
0 -515.915
0 -515.915
0 -515.915
0 -515.915
0 -515.915
0 -515.94
0 -515.984
0 -516
0 -516.003
0 -516.027
0 -516.027
0 -516.027
0 -516.027
0 -516.029
0 -516.029
0 -516.03
0 -516.081
0 -517.255
0 -518.766
0 -521.153
0 -521.925
0 -521.925
0 -521.925
0 -525.268
0 -525.268
0 -525.268
0 -525.268
0 -525.268
0 -525.268
0 -525.268
0 -525.268
0 -525.268
0 -525.268
0 -526.749
0 -526.749
0 -526.749
0 -526.749
0 -526.865
0 -526.865
0 -528.094
0 -528.094
0 -528.139
0 -528.143
0 -528.143
0 -528.231
0 -528.232
0 -528.232
0 -528.232
0 -528.232
0 -528.232
0 -528.232
0 -528.232
0 -528.232
0 -528.232
0 -528.232
0 -528.95
0 -531.374
0 -531.374
0 -531.374
0 -531.374
0 -533.647
0 -533.647
0 -533.647
0 -533.647
0 -533.647
0 -533.647
0 -533.647
0 -535.261
0 -535.261
0 -535.261
0 -535.261
0 -535.261
0 -537.244
0 -537.244
0 -537.763
0 -537.763
0 -538.211
0 -538.211
0 -538.211
0 -538.211
0 -538.211
0 -539.265
0 -539.265
0 -539.265
0 -541.467
0 -541.467
0 -541.467
0 -544.234
0 -544.234
0 -544.234
0 -544.234
0 -544.234
0 -544.234
0 -545.213
0 -545.213
0 -545.213
0 -545.213
0 -545.213
0 -545.213
0 -545.213
0 -546.538
0 -546.538
0 -546.538
0 -547.809
0 -547.809
0 -547.809
0 -547.809
0 -547.809
0 -548.317
0 -548.387
0 -548.387
0 -549.416
0 -549.854
0 -549.854
0 -549.854
0 -549.864
0 -549.908
0 -549.908
0 -549.908
0 -549.908
0 -550.066
0 -550.066
0 -550.066
0 -550.066
0 -550.066
0 -550.08
0 -550.083
0 -550.6
0 -550.91
0 -551.682
0 -552.356
0 -552.874
0 -553.319
0 -553.575
0 -553.967
0 -554.136
0 -554.282
0 -554.358
0 -554.414
0 -554.447
0 -554.465
0 -554.479
0 -554.48
0 -554.905
0 -558.994
0 -558.994
0 -558.994
0 -558.994
0 -558.994
0 -561.606
0 -561.606
0 -561.606
0 -561.606
0 -561.606
0 -562.596
0 -562.596
0 -562.596
0 -562.596
0 -562.596
0 -562.596
0 -562.596
0 -564.394
0 -564.394
0 -564.394
0 -564.394
0 -564.394
0 -564.394
0 -564.394
0 -564.394
0 -566.294
0 -566.294
0 -566.294
0 -568.194
0 -568.194
0 -569.591
0 -569.591
0 -571.022
0 -571.022
0 -571.022
0 -571.022
0 -571.022
0 -571.022
0 -571.022
0 -571.022
0 -571.438
0 -571.504
0 -571.504
0 -571.661
0 -571.697
0 -573.013
0 -573.119
0 -575.168
0 -575.248
0 -575.248
0 -575.248
0 -575.248
0 -575.248
0 -575.248
0 -575.248
0 -575.733
0 -575.733
0 -575.733
0 -575.733
0 -575.784
0 -577.678
0 -577.678
0 -577.678
0 -578.911
0 -578.911
0 -578.911
0 -579.31
0 -579.31
0 -580.012
0 -582.965
0 -582.965
0 -582.965
0 -582.965
0 -582.965
0 -583.008
0 -583.008
0 -583.008
0 -583.008
0 -583.008
0 -583.008
0 -583.008
0 -583.008
0 -584.242
0 -584.89
0 -584.89
0 -585.332
0 -585.332
0 -585.332
0 -585.567
0 -585.616
0 -585.984
0 -587.644
0 -587.644
0 -589.112
0 -589.112
0 -589.112
0 -589.112
0 -589.112
0 -590.68
0 -590.68
0 -590.68
0 -590.68
0 -590.68
0 -590.732
0 -590.732
0 -592.083
0 -592.083
0 -594.199
0 -594.199
0 -594.199
0 -594.199
0 -594.514
0 -595.326
0 -595.326
0 -595.326
0 -595.326
0 -595.663
0 -595.663
0 -595.663
0 -595.663
0 -596.337
0 -598.695
0 -598.695
0 -598.695
0 -598.891
0 -598.985
0 -598.99
0 -598.992
0 -598.994
0 -598.994
0 -598.999
0 -598.999
0 -598.999
0 -599.003
0 -599.003
0 -599.003
0 -599.442
0 -599.442
0 -600.212
0 -600.95
0 -601.833
0 -605.71
0 -605.71
0 -605.896
0 -605.896
0 -607.452
0 -607.452
0 -612.165
0 -612.165
0 -612.165
0 -612.165
0 -612.165
0 -613.193
0 -613.236
0 -616.425
0 -616.425
0 -616.425
0 -616.425
0 -616.725
0 -618.86
0 -618.86
0 -618.86
0 -618.86
0 -618.86
0 -618.86
0 -618.982
0 -619.325
0 -619.785
0 -619.785
0 -620.517
0 -620.804
0 -620.808
0 -620.808
0 -620.99
0 -621.008
0 -622.185
0 -622.217
0 -622.217
0 -622.499
0 -622.549
0 -622.549
0 -622.549
0 -622.549
0 -622.549
0 -622.549
0 -622.745
0 -622.745
0 -622.745
0 -622.745
0 -622.745
0 -622.745
0 -622.745
0 -622.745
0 -622.745
0 -622.745
0 -622.779
0 -622.779
0 -622.779
0 -622.779
0 -622.779
0 -622.779
0 -622.779
0 -622.779
0 -622.779
0 -623.081
0 -623.341
0 -623.867
0 -624.81
0 -627.147
0 -629.335
0 -629.335
0 -629.335
0 -630.847
0 -630.847
0 -630.847
0 -630.847
0 -630.847
0 -631.804
0 -631.874
0 -631.874
0 -632.831
0 -635.451
0 -635.451
0 -635.451
0 -635.96
0 -635.96
0 -635.96
0 -635.96
0 -637.48
0 -640.343
0 -640.343
0 -640.343
0 -640.343
0 -644.466
0 -644.466
0 -644.466
0 -644.466
0 -644.92
0 -644.92
0 -646.465
0 -646.465
0 -646.465
0 -646.465
0 -646.465
0 -646.465
0 -646.465
0 -646.465
0 -646.465
0 -646.465
0 -647.837
0 -647.837
0 -648.207
0 -648.207
0 -650.32
0 -650.32
0 -650.32
0 -650.32
0 -650.32
0 -650.32
0 -650.32
0 -651.378
0 -651.378
0 -651.378
0 -651.378
0 -651.378
0 -651.901
0 -651.901
0 -651.901
0 -651.901
0 -651.901
0 -651.901
0 -652.637
0 -652.637
0 -652.888
0 -652.908
0 -653.189
0 -653.189
0 -653.191
0 -653.193
0 -653.193
0 -653.193
0 -653.357
0 -653.417
0 -653.417
0 -653.461
0 -653.461
0 -653.461
0 -653.461
0 -653.51
0 -653.661
0 -653.791
0 -653.862
0 -653.926
0 -653.957
0 -653.979
0 -653.99
0 -653.998
0 -656.069
0 -656.069
0 -657.41
0 -657.585
0 -657.585
0 -658.108
0 -661.761
0 -661.761
0 -661.761
0 -661.761
0 -661.761
0 -662.267
0 -662.267
0 -662.267
0 -662.267
0 -662.267
0 -663.817
0 -670.056
0 -670.056
0 -670.056
0 -670.056
0 -670.056
0 -670.056
0 -670.056
0 -670.056
0 -670.056
0 -671.301
0 -671.301
0 -671.301
0 -672.512
0 -672.512
0 -672.512
0 -675.991
0 -676.129
0 -677.028
0 -677.499
0 -677.499
0 -677.749
0 -677.907
0 -678.345
0 -678.415
0 -678.622
0 -678.681
0 -678.681
0 -678.741
0 -678.754
0 -678.767
0 -678.767
0 -678.78
0 -678.782
0 -678.782
0 -678.783
0 -678.785
0 -678.785
0 -678.785
0 -678.785
0 -678.785
0 -678.785
0 -679.044
0 -679.354
0 -679.792
0 -680.108
0 -680.471
0 -682.057
0 -685.524
0 -685.524
0 -686.744
0 -686.744
0 -686.744
0 -687.564
0 -687.564
0 -687.564
0 -690.05
0 -690.05
0 -690.05
0 -696.175
0 -696.175
0 -696.175
0 -696.175
0 -696.175
0 -696.175
0 -696.175
0 -696.175
0 -696.175
0 -696.175
0 -696.175
0 -696.175
0 -696.175
0 -696.175
0 -696.175
0 -696.175
0 -697.655
0 -697.655
0 -697.655
0 -697.655
0 -697.675
0 -697.781
0 -697.781
0 -697.827
0 -697.875
0 -697.875
0 -697.878
0 -697.878
0 -697.879
0 -697.88
0 -697.88
0 -698.158
0 -703.019
0 -703.019
0 -703.019
0 -703.019
0 -703.019
0 -703.019
0 -703.019
0 -703.019
0 -703.019
0 -705.077
0 -707.546
0 -707.546
0 -707.546
0 -707.546
0 -707.546
0 -707.57
0 -710.003
0 -710.003
0 -710.531
0 -710.531
0 -710.531
0 -710.694
0 -710.694
0 -710.694
0 -710.694
0 -710.694
0 -710.694
0 -710.703
0 -710.703
0 -710.711
0 -710.714
0 -710.714
0 -710.718
0 -710.718
0 -710.719
0 -710.719
0 -710.719
0 -710.719
0 -710.719
0 -710.719
0 -710.719
0 -711.591
0 -711.591
0 -711.591
0 -713.364
0 -717.846
0 -717.846
0 -720.044
0 -720.044
0 -720.044
0 -720.044
0 -722.386
0 -722.386
0 -722.386
0 -722.386
0 -722.386
0 -722.386
0 -722.386
0 -726.292
0 -726.292
0 -726.292
0 -726.292
0 -726.292
0 -726.292
0 -726.292
0 -726.292
0 -726.292
0 -726.292
0 -726.292
0 -726.292
0 -726.292
0 -726.292
0 -726.292
0 -726.292
0 -726.292
0 -726.292
0 -727.065
0 -727.356
0 -727.356
0 -728.383
0 -730.89
0 -730.89
0 -730.89
0 -730.976
0 -731.4
0 -731.416
0 -731.416
0 -731.667
0 -731.667
0 -731.667
0 -731.683
0 -731.685
0 -731.719
0 -731.719
0 -731.719
0 -731.723
0 -731.723
0 -731.723
0 -731.723
0 -731.723
0 -731.923
0 -733.021
0 -733.856
0 -733.856
0 -733.856
0 -734.274
0 -734.274
0 -734.274
0 -734.274
0 -735.309
0 -735.309
0 -737.182
0 -737.182
0 -737.182
0 -737.945
0 -737.945
0 -737.945
0 -738.864
0 -738.864
0 -743.341
0 -743.341
0 -743.341
0 -743.341
0 -743.341
0 -743.341
0 -743.341
0 -743.341
0 -743.341
0 -743.341
0 -743.341
0 -743.341
0 -743.341
0 -743.341
0 -inf
0 -inf
0 -inf
0 -inf
0 -inf
0 -inf
0 -inf
0 -inf
0 -inf
0 -inf
0 -inf
0 -inf
0 -inf
0 -inf
0 -inf
0 -inf
0 -inf
0 -inf
0 -inf
0 -inf
0 -inf
0 -inf
0 -inf
0 -inf
0 -inf
0 -inf
0 -inf
0 -inf
0 -inf
0 -inf
0 -inf
0 -inf
0 -inf
0 -inf
0 -inf
0 -inf
0 -inf
0 -inf
0 -inf
0 -inf
0 -inf
0 -inf
0 -inf
0 -inf
0 -inf
0 -inf
0 -inf
0 -inf
0 -inf
0 -inf
0 -inf
0 -inf
0 -inf
0 -inf
0 -inf
0 -inf
0 -inf
0 -inf
0 -inf
0 -inf
0 -inf
0 -inf
0 -inf
0 -inf
0 -inf
0 -inf
0 -inf
0 -inf
0 -inf
0 -inf
0 -inf
0 -inf
0 -inf
0 -inf
0 -inf
0 -inf
0 -inf
0 -inf
0 -inf
0 -inf
0 -inf
0 -inf
0 -inf
0 -inf
0 -inf
0 -inf
0 -inf
0 -inf
0 -inf
0 -inf
0 -inf
0 -inf
0 -inf
0 -inf
0 -inf
0 -inf
0 -inf
0 -inf
0 -inf
0 -inf
0 -inf
0 -inf
0 -inf
0 -inf
0 -inf
0 -inf
0 -inf
0 -inf
0 -inf
0 -inf
0 -inf
0 -inf
0 -inf
0 -inf
0 -inf
0 -inf
0 -inf
0 -inf
0 -inf
0 -inf
0 -inf
0 -inf
0 -inf
0 -inf
0 -inf
0 -inf
0 -inf
0 -inf
0 -inf
0 -inf
0 -inf
0 -inf
0 -inf
0 -inf
0 -inf
0 -inf
0 -inf
0 -inf
0 -inf
0 -inf
0 -inf
0 -inf
0 -inf
0 -inf
0 -inf
0 -inf
0 -inf
0 -inf
0 -inf
0 -inf
0 -inf
0 -inf
0 -inf
0 -inf
0 -inf
0 -inf
0 -inf
0 -inf
0 -inf
0 -inf
0 -inf
0 -inf
0 -inf
0 -inf
0 -inf
0 -inf
0 -inf
0 -inf
0 -inf
0 -inf
0 -inf
0 -inf
0 -inf
0 -inf
0 -inf
0 -inf
0 -inf
0 -inf
0 -inf
0 -inf
0 -inf
0 -inf
0 -inf
0 -inf
0 -inf
0 -inf
0 -inf
0 -inf
0 -inf
0 -inf
0 -inf
0 -inf
0 -inf
0 -inf
0 -inf
0 -inf
0 -inf
0 -inf
0 -inf
0 -inf
0 -inf
0 -inf
0 -inf
0 -inf
0 -inf
0 -inf
0 -inf
0 -inf
0 -inf
0 -inf
0 -inf
0 -inf
0 -inf
0 -inf
0 -inf
0 -inf
0 -inf
0 -inf
0 -inf
0 -inf
0 -inf
0 -inf
0 -inf
0 -inf
0 -inf
0 -inf
0 -inf
0 -inf
0 -inf
0 -inf
0 -inf
0 -inf
0 -inf
0 -inf
0 -inf
0 -inf
0 -inf
0 -inf
0 -inf
0 -inf
0 -inf
0 -inf
0 -inf
0 -inf
0 -inf
0 -inf
0 -inf
0 -inf
0 -inf
0 -inf
0 -inf
0 -inf
0 -inf
0 -inf
0 -inf
0 -inf
0 -inf
0 -inf
0 -inf
0 -inf
0 -inf
0 -inf
0 -inf
0 -inf
0 -inf
0 -inf
0 -inf
0 -inf
0 -inf
0 -inf
0 -inf
0 -inf
0 -inf
0 -inf
0 -inf
0 -inf
0 -inf
0 -inf
0 -inf
0 -inf
0 -inf
0 -inf
0 -inf
0 -inf
0 -inf
0 -inf
0 -inf
0 -inf
0 -inf
0 -inf
0 -inf
0 -inf
0 -inf
0 -inf
0 -inf
0 -inf
0 -inf
0 -inf
0 -inf
0 -inf
0 -inf
0 -inf
0 -inf
0 -inf
0 -inf
0 -inf
0 -inf
0 -inf
0 -inf
0 -inf
0 -inf
0 -inf
0 -inf
0 -inf
0 -inf
0 -inf
0 -inf
0 -inf
0 -inf
0 -inf
0 -inf
0 -inf
0 -inf
0 -inf
0 -inf
0 -inf
0 -inf
0 -inf
0 -inf
0 -inf
0 -inf
0 -inf
0 -inf
0 -inf
0 -inf
0 -inf
0 -inf
0 -inf
0 -inf
0 -inf
0 -inf
0 -inf
0 -inf
0 -inf
0 -inf
0 -inf
0 -inf
0 -inf
0 -inf
0 -inf
0 -inf
0 -inf
0 -inf
0 -inf
0 -inf
0 -inf
0 -inf
0 -inf
0 -inf
0 -inf
0 -inf
0 -inf
0 -inf
0 -inf
0 -inf
0 -inf
0 -inf
0 -inf
0 -inf
0 -inf
0 -inf
0 -inf
0 -inf
0 -inf
0 -inf
0 -inf
0 -inf
0 -inf
0 -inf
0 -inf
0 -inf
0 -inf
0 -inf
0 -inf
0 -inf
0 -inf
0 -inf
0 -inf
0 -inf
0 -inf
0 -inf
0 -inf
0 -inf
0 -inf
0 -inf
0 -inf
0 -inf
0 -inf
0 -inf
0 -inf
0 -inf
0 -inf
0 -inf
0 -inf
0 -inf
0 -inf
0 -inf
0 -inf
0 -inf
0 -inf
0 -inf
0 -inf
0 -inf
0 -inf
0 -inf
0 -inf
0 -inf
0 -inf
0 -inf
0 -inf
0 -inf
0 -inf
0 -inf
0 -inf
0 -inf
0 -inf
0 -inf
0 -inf
0 -inf
0 -inf
0 -inf
0 -inf
0 -inf
0 -inf
0 -inf
0 -inf
0 -inf
0 -inf
0 -inf
0 -inf
0 -inf
0 -inf
0 -inf
0 -inf
0 -inf
0 -inf
0 -inf
0 -inf
0 -inf
0 -inf
0 -inf
0 -inf
0 -inf
0 -inf
0 -inf
0 -inf
0 -inf
0 -inf
0 -inf
0 -inf
0 -inf
0 -inf
0 -inf
0 -inf
0 -inf
0 -inf
0 -inf
0 -inf
0 -inf
0 -inf
0 -inf
0 -inf
0 -inf
0 -inf
0 -inf
0 -inf
0 -inf
0 -inf
0 -inf
0 -inf
0 -inf
0 -inf
0 -inf
0 -inf
0 -inf
0 -inf
0 -inf
0 -inf
0 -inf
0 -inf
0 -inf
0 -inf
0 -inf
0 -inf
0 -inf
0 -inf
0 -inf
0 -inf
0 -inf
0 -inf
0 -inf
0 -inf
0 -inf
0 -inf
0 -inf
0 -inf
0 -inf
0 -inf
0 -inf
0 -inf
0 -inf
0 -inf
0 -inf
0 -inf
0 -inf
0 -inf
0 -inf
0 -inf
0 -inf
0 -inf
0 -inf
0 -inf
0 -inf
0 -inf
0 -inf
0 -inf
0 -inf
0 -inf
0 -inf
0 -inf
0 -inf
0 -inf
0 -inf
0 -inf
0 -inf
0 -inf
0 -inf
0 -inf
0 -inf
0 -inf
0 -inf
0 -inf
0 -inf
0 -inf
0 -inf
0 -inf
0 -inf
0 -inf
0 -inf
0 -inf
0 -inf
0 -inf
0 -inf
0 -inf
0 -inf
0 -inf
0 -inf
0 -inf
0 -inf
0 -inf
0 -inf
0 -inf
0 -inf
0 -inf
0 -inf
0 -inf
0 -inf
0 -inf
0 -inf
0 -inf
0 -inf
0 -inf
0 -inf
0 -inf
0 -inf
0 -inf
0 -inf
0 -inf
0 -inf
0 -inf
0 -inf
0 -inf
0 -inf
0 -inf
0 -inf
0 -inf
0 -inf
0 -inf
0 -inf
0 -inf
0 -inf
0 -inf
0 -inf
0 -inf
0 -inf
0 -inf
0 -inf
0 -inf
0 -inf
0 -inf
0 -inf
0 -inf
0 -inf
0 -inf
0 -inf
0 -inf
0 -inf
0 -inf
0 -inf
0 -inf
0 -inf
0 -inf
0 -inf
0 -inf
0 -inf
0 -inf
0 -inf
0 -inf
0 -inf
0 -inf
0 -inf
0 -inf
0 -inf
0 -inf
0 -inf
0 -inf
0 -inf
0 -inf
0 -inf
0 -inf
0 -inf
0 -inf
0 -inf
0 -inf
0 -inf
0 -inf
0 -inf
0 -inf
0 -inf
0 -inf
0 -inf
0 -inf
0 -inf
0 -inf
0 -inf
0 -inf
0 -inf
0 -inf
0 -inf
0 -inf
0 -inf
0 -inf
0 -inf
0 -inf
0 -inf
0 -inf
0 -inf
0 -inf
0 -inf
0 -inf
0 -inf
0 -inf
0 -inf
0 -inf
0 -inf
0 -inf
0 -inf
0 -inf
0 -inf
0 -inf
0 -inf
0 -inf
0 -inf
0 -inf
0 -inf
0 -inf
0 -inf
0 -inf
0 -inf
0 -inf
0 -inf
0 -inf
0 -inf
0 -inf
0 -inf
0 -inf
0 -inf
0 -inf
0 -inf
0 -inf
0 -inf
0 -inf
0 -inf
0 -inf
0 -inf
0 -inf
0 -inf
0 -inf
0 -inf
0 -inf
0 -inf
0 -inf
0 -inf
0 -inf
0 -inf
0 -inf
0 -inf
0 -inf
0 -inf
0 -inf
0 -inf
0 -inf
0 -inf
0 -inf
0 -inf
0 -inf
0 -inf
0 -inf
0 -inf
0 -inf
0 -inf
0 -inf
0 -inf
0 -inf
0 -inf
0 -inf
0 -inf
0 -inf
0 -inf
0 -inf
0 -inf
0 -inf
0 -inf
0 -inf
0 -inf
0 -inf
0 -inf
0 -inf
0 -inf
0 -inf
0 -inf
0 -inf
0 -inf
0 -inf
0 -inf
0 -inf
0 -inf
0 -inf
0 -inf
0 -inf
0 -inf
0 -inf
0 -inf
0 -inf
0 -inf
0 -inf
0 -inf
0 -inf
0 -inf
0 -inf
0 -inf
0 -inf
0 -inf
0 -inf
0 -inf
0 -inf
0 -inf
0 -inf
0 -inf
0 -inf
0 -inf
0 -inf
0 -inf
0 -inf
0 -inf
0 -inf
0 -inf
0 -inf
0 -inf
0 -inf
0 -inf
0 -inf
0 -inf
0 -inf
0 -inf
0 -inf
0 -inf
0 -inf
0 -inf
0 -inf
0 -inf
0 -inf
0 -inf
0 -inf
0 -inf
0 -inf
0 -inf
0 -inf
0 -inf
0 -inf
0 -inf
0 -inf
0 -inf
0 -inf
0 -inf
0 -inf
0 -inf
0 -inf
0 -inf
0 -inf
0 -inf
0 -inf
0 -inf
0 -inf
0 -inf
0 -inf
0 -inf
0 -inf
0 -inf
0 -inf
0 -inf
0 -inf
0 -inf
0 -inf
0 -inf
0 -inf
0 -inf
0 -inf
0 -inf
0 -inf
0 -inf
0 -inf
0 -inf
0 -inf
0 -inf
0 -inf
0 -inf
0 -inf
0 -inf
0 -inf
0 -inf
0 -inf
0 -inf
0 -inf
0 -inf
0 -inf
0 -inf
0 -inf
0 -inf
0 -inf
0 -inf
0 -inf
0 -inf
0 -inf
0 -inf
0 -inf
0 -inf
0 -inf
0 -inf
0 -inf
0 -inf
0 -inf
0 -inf
0 -inf
0 -inf
0 -inf
0 -inf
0 -inf
0 -inf
0 -inf
0 -inf
0 -inf
0 -inf
0 -inf
0 -inf
0 -inf
0 -inf
0 -inf
0 -inf
0 -inf
0 -inf
0 -inf
0 -inf
0 -inf
0 -inf
0 -inf
0 -inf
0 -inf
0 -inf
0 -inf
0 -inf
0 -inf
0 -inf
0 -inf
0 -inf
0 -inf
0 -inf
0 -inf
0 -inf
0 -inf
0 -inf
0 -inf
0 -inf
0 -inf
0 -inf
0 -inf
0 -inf
0 -inf
0 -inf
0 -inf
0 -inf
0 -inf
0 -inf
0 -inf
0 -inf
0 -inf
0 -inf
0 -inf
0 -inf
0 -inf
0 -inf
0 -inf
0 -inf
0 -inf
0 -inf
0 -inf
0 -inf
0 -inf
0 -inf
0 -inf
0 -inf
0 -inf
0 -inf
0 -inf
0 -inf
0 -inf
0 -inf
0 -inf
0 -inf
0 -inf
0 -inf
0 -inf
0 -inf
0 -inf
0 -inf
0 -inf
0 -inf
0 -inf
0 -inf
0 -inf
0 -inf
0 -inf
0 -inf
0 -inf
0 -inf
0 -inf
0 -inf
0 -inf
0 -inf
0 -inf
0 -inf
0 -inf
0 -inf
0 -inf
0 -inf
0 -inf
0 -inf
0 -inf
0 -inf
0 -inf
0 -inf
0 -inf
0 -inf
0 -inf
0 -inf
0 -inf
0 -inf
0 -inf
0 -inf
0 -inf
0 -inf
0 -inf
0 -inf
0 -inf
0 -inf
0 -inf
0 -inf
0 -inf
0 -inf
0 -inf
0 -inf
0 -inf
0 -inf
0 -inf
0 -inf
0 -inf
0 -inf
0 -inf
0 -inf
0 -inf
0 -inf
0 -inf
0 -inf
0 -inf
0 -inf
0 -inf
0 -inf
0 -inf
0 -inf
0 -inf
0 -inf
0 -inf
0 -inf
0 -inf
0 -inf
0 -inf
0 -inf
0 -inf
0 -inf
0 -inf
0 -inf
0 -inf
0 -inf
0 -inf
0 -inf
0 -inf
0 -inf
0 -inf
0 -inf
0 -inf
0 -inf
0 -inf
0 -inf
0 -inf
0 -inf
0 -inf
0 -inf
0 -inf
0 -inf
0 -inf
0 -inf
0 -inf
0 -inf
0 -inf
0 -inf
0 -inf
0 -inf
0 -inf
0 -inf
0 -inf
0 -inf
0 -inf
0 -inf
0 -inf
0 -inf
0 -inf
0 -inf
0 -inf
0 -inf
0 -inf
0 -inf
0 -inf
0 -inf
0 -inf
0 -inf
0 -inf
0 -inf
0 -inf
0 -inf
0 -inf
0 -inf
0 -inf
0 -inf
0 -inf
0 -inf
0 -inf
0 -inf
0 -inf
0 -inf
0 -inf
0 -inf
0 -inf
0 -inf
0 -inf
0 -inf
0 -inf
0 -inf
0 -inf
0 -inf
0 -inf
0 -inf
0 -inf
0 -inf
0 -inf
0 -inf
0 -inf
0 -inf
0 -inf
0 -inf
0 -inf
0 -inf
0 -inf
0 -inf
0 -inf
0 -inf
0 -inf
0 -inf
0 -inf
0 -inf
0 -inf
0 -inf
0 -inf
0 -inf
0 -inf
0 -inf
0 -inf
0 -inf
0 -inf
0 -inf
0 -inf
0 -inf
0 -inf
0 -inf
0 -inf
0 -inf
0 -inf
0 -inf
0 -inf
0 -inf
0 -inf
0 -inf
0 -inf
0 -inf
0 -inf
0 -inf
0 -inf
0 -inf
0 -inf
0 -inf
0 -inf
0 -inf
0 -inf
0 -inf
0 -inf
0 -inf
0 -inf
0 -inf
0 -inf
0 -inf
0 -inf
0 -inf
0 -inf
0 -inf
0 -inf
0 -inf
0 -inf
0 -inf
0 -inf
0 -inf
0 -inf
0 -inf
0 -inf
0 -inf
0 -inf
0 -inf
0 -inf
0 -inf
0 -inf
0 -inf
0 -inf
0 -inf
0 -inf
0 -inf
0 -inf
0 -inf
0 -inf
0 -inf
0 -inf
0 -inf
0 -inf
0 -inf
0 -inf
0 -inf
0 -inf
0 -inf
0 -inf
0 -inf
0 -inf
0 -inf
0 -inf
0 -inf
0 -inf
0 -inf
0 -inf
0 -inf
0 -inf
0 -inf
0 -inf
0 -inf
0 -inf
0 -inf
0 -inf
0 -inf
0 -inf
0 -inf
0 -inf
0 -inf
0 -inf
0 -inf
0 -inf
0 -inf
0 -inf
0 -inf
0 -inf
0 -inf
0 -inf
0 -inf
0 -inf
0 -inf
0 -inf
0 -inf
0 -inf
0 -inf
0 -inf
0 -inf
0 -inf
0 -inf
0 -inf
0 -inf
0 -inf
0 -inf
0 -inf
0 -inf
0 -inf
0 -inf
0 -inf
0 -inf
0 -inf
0 -inf
0 -inf
0 -inf
0 -inf
0 -inf
0 -inf
0 -inf
0 -inf
0 -inf
0 -inf
0 -inf
0 -inf
0 -inf
0 -inf
0 -inf
0 -inf
0 -inf
0 -inf
0 -inf
0 -inf
0 -inf
0 -inf
0 -inf
0 -inf
0 -inf
0 -inf
0 -inf
0 -inf
0 -inf
0 -inf
0 -inf
0 -inf
0 -inf
0 -inf
0 -inf
0 -inf
0 -inf
0 -inf
0 -inf
0 -inf
0 -inf
0 -inf
0 -inf
0 -inf
0 -inf
0 -inf
0 -inf
0 -inf
0 -inf
0 -inf
0 -inf
0 -inf
0 -inf
0 -inf
0 -inf
0 -inf
0 -inf
0 -inf
0 -inf
0 -inf
0 -inf
0 -inf
0 -inf
0 -inf
0 -inf
0 -inf
0 -inf
0 -inf
0 -inf
0 -inf
0 -inf
0 -inf
0 -inf
0 -inf
0 -inf
0 -inf
0 -inf
0 -inf
0 -inf
0 -inf
0 -inf
0 -inf
0 -inf
0 -inf
0 -inf
0 -inf
0 -inf
0 -inf
0 -inf
0 -inf
0 -inf
0 -inf
0 -inf
0 -inf
0 -inf
0 -inf
0 -inf
0 -inf
0 -inf
0 -inf
0 -inf
0 -inf
0 -inf
0 -inf
0 -inf
0 -inf
0 -inf
0 -inf
0 -inf
0 -inf
0 -inf
0 -inf
0 -inf
0 -inf
0 -inf
0 -inf
0 -inf
0 -inf
0 -inf
0 -inf
0 -inf
0 -inf
0 -inf
0 -inf
0 -inf
0 -inf
0 -inf
0 -inf
0 -inf
0 -inf
0 -inf
0 -inf
0 -inf
0 -inf
0 -inf
0 -inf
0 -inf
0 -inf
0 -inf
0 -inf
0 -inf
0 -inf
0 -inf
0 -inf
0 -inf
0 -inf
0 -inf
0 -inf
0 -inf
0 -inf
0 -inf
0 -inf
0 -inf
0 -inf
0 -inf
0 -inf
0 -inf
0 -inf
0 -inf
0 -inf
0 -inf
0 -inf
0 -inf
0 -inf
0 -inf
0 -inf
0 -inf
0 -inf
0 -inf
0 -inf
0 -inf
0 -inf
0 -inf
0 -inf
0 -inf
0 -inf
0 -inf
0 -inf
0 -inf
0 -inf
0 -inf
0 -inf
0 -inf
0 -inf
0 -inf
0 -inf
0 -inf
0 -inf
0 -inf
0 -inf
0 -inf
0 -inf
0 -inf
0 -inf
0 -inf
0 -inf
0 -inf
0 -inf
0 -inf
0 -inf
0 -inf
0 -inf
0 -inf
0 -inf
0 -inf
0 -inf
0 -inf
0 -inf
0 -inf
0 -inf
0 -inf
0 -inf
0 -inf
0 -inf
0 -inf
0 -inf
0 -inf
0 -inf
0 -inf
0 -inf
0 -inf
0 -inf
0 -inf
0 -inf
0 -inf
0 -inf
0 -inf
0 -inf
0 -inf
0 -inf
0 -inf
0 -inf
0 -inf
0 -inf
0 -inf
0 -inf
0 -inf
0 -inf
0 -inf
0 -inf
0 -inf
0 -inf
0 -inf
0 -inf
0 -inf
0 -inf
0 -inf
0 -inf
0 -inf
0 -inf
0 -inf
0 -inf
0 -inf
0 -inf
0 -inf
0 -inf
0 -inf
0 -inf
0 -inf
0 -inf
0 -inf
0 -inf
0 -inf
0 -inf
0 -inf
0 -inf
0 -inf
0 -inf
0 -inf
0 -inf
0 -inf
0 -inf
0 -inf
0 -inf
0 -inf
0 -inf
0 -inf
0 -inf
0 -inf
0 -inf
0 -inf
0 -inf
0 -inf
0 -inf
0 -inf
0 -inf
0 -inf
0 -inf
0 -inf
0 -inf
0 -inf
0 -inf
0 -inf
0 -inf
0 -inf
0 -inf
0 -inf
0 -inf
0 -inf
0 -inf
0 -inf
0 -inf
0 -inf
0 -inf
0 -inf
0 -inf
0 -inf
0 -inf
0 -inf
0 -inf
0 -inf
0 -inf
0 -inf
0 -inf
0 -inf
0 -inf
0 -inf
0 -inf
0 -inf
0 -inf
0 -inf
0 -inf
0 -inf
0 -inf
0 -inf
0 -inf
0 -inf
0 -inf
0 -inf
0 -inf
0 -inf
0 -inf
0 -inf
0 -inf
0 -inf
0 -inf
0 -inf
0 -inf
0 -inf
0 -inf
0 -inf
0 -inf
0 -inf
0 -inf
0 -inf
0 -inf
0 -inf
0 -inf
0 -inf
0 -inf
0 -inf
0 -inf
0 -inf
0 -inf
0 -inf
0 -inf
0 -inf
0 -inf
0 -inf
0 -inf
0 -inf
0 -inf
0 -inf
0 -inf
0 -inf
0 -inf
0 -inf
0 -inf
0 -inf
0 -inf
0 -inf
0 -inf
0 -inf
0 -inf
0 -inf
0 -inf
0 -inf
0 -inf
0 -inf
0 -inf
0 -inf
0 -inf
0 -inf
0 -inf
0 -inf
0 -inf
0 -inf
0 -inf
0 -inf
0 -inf
0 -inf
0 -inf
0 -inf
0 -inf
0 -inf
0 -inf
0 -inf
0 -inf
0 -inf
0 -inf
0 -inf
0 -inf
0 -inf
0 -inf
0 -inf
0 -inf
0 -inf
0 -inf
0 -inf
0 -inf
0 -inf
0 -inf
0 -inf
0 -inf
0 -inf
0 -inf
0 -inf
0 -inf
0 -inf
0 -inf
0 -inf
0 -inf
0 -inf
0 -inf
0 -inf
0 -inf
0 -inf
0 -inf
0 -inf
0 -inf
0 -inf
0 -inf
0 -inf
0 -inf
0 -inf
0 -inf
0 -inf
0 -inf
0 -inf
0 -inf
0 -inf
0 -inf
0 -inf
0 -inf
0 -inf
0 -inf
0 -inf
0 -inf
0 -inf
0 -inf
0 -inf
0 -inf
0 -inf
0 -inf
0 -inf
0 -inf
0 -inf
0 -inf
0 -inf
0 -inf
0 -inf
0 -inf
0 -inf
0 -inf
0 -inf
0 -inf
0 -inf
0 -inf
0 -inf
0 -inf
0 -inf
0 -inf
0 -inf
0 -inf
0 -inf
0 -inf
0 -inf
0 -inf
0 -inf
0 -inf
0 -inf
0 -inf
0 -inf
0 -inf
0 -inf
0 -inf
0 -inf
0 -inf
0 -inf
0 -inf
0 -inf
0 -inf
0 -inf
0 -inf
0 -inf
0 -inf
0 -inf
0 -inf
0 -inf
0 -inf
0 -inf
0 -inf
0 -inf
0 -inf
0 -inf
0 -inf
0 -inf
0 -inf
0 -inf
0 -inf
0 -inf
0 -inf
0 -inf
0 -inf
0 -inf
0 -inf
0 -inf
0 -inf
0 -inf
0 -inf
0 -inf
0 -inf
0 -inf
0 -inf
0 -inf
0 -inf
0 -inf
0 -inf
0 -inf
0 -inf
0 -inf
0 -inf
0 -inf
0 -inf
0 -inf
0 -inf
0 -inf
0 -inf
0 -inf
0 -inf
0 -inf
0 -inf
0 -inf
0 -inf
0 -inf
0 -inf
0 -inf
0 -inf
0 -inf
0 -inf
0 -inf
0 -inf
0 -inf
0 -inf
0 -inf
0 -inf
0 -inf
0 -inf
0 -inf
0 -inf
0 -inf
0 -inf
0 -inf
0 -inf
0 -inf
0 -inf
0 -inf
0 -inf
0 -inf
0 -inf
0 -inf
0 -inf
0 -inf
0 -inf
0 -inf
0 -inf
0 -inf
0 -inf
0 -inf
0 -inf
0 -inf
0 -inf
0 -inf
0 -inf
0 -inf
0 -inf
0 -inf
0 -inf
0 -inf
0 -inf
0 -inf
0 -inf
0 -inf
0 -inf
0 -inf
0 -inf
0 -inf
0 -inf
0 -inf
0 -inf
0 -inf
0 -inf
0 -inf
0 -inf
0 -inf
0 -inf
0 -inf
0 -inf
0 -inf
0 -inf
0 -inf
0 -inf
0 -inf
0 -inf
0 -inf
0 -inf
0 -inf
0 -inf
0 -inf
0 -inf
0 -inf
0 -inf
0 -inf
0 -inf
0 -inf
0 -inf
0 -inf
0 -inf
0 -inf
0 -inf
0 -inf
0 -inf
0 -inf
0 -inf
0 -inf
0 -inf
0 -inf
0 -inf
0 -inf
0 -inf
0 -inf
0 -inf
0 -inf
0 -inf
0 -inf
0 -inf
0 -inf
0 -inf
0 -inf
0 -inf
0 -inf
0 -inf
0 -inf
0 -inf
0 -inf
0 -inf
0 -inf
0 -inf
0 -inf
0 -inf
0 -inf
0 -inf
0 -inf
0 -inf
0 -inf
0 -inf
0 -inf
0 -inf
0 -inf
0 -inf
0 -inf
0 -inf
0 -inf
0 -inf
0 -inf
0 -inf
0 -inf
0 -inf
0 -inf
0 -inf
0 -inf
0 -inf
0 -inf
0 -inf
0 -inf
0 -inf
0 -inf
0 -inf
0 -inf
0 -inf
0 -inf
0 -inf
0 -inf
0 -inf
0 -inf
0 -inf
0 -inf
0 -inf
0 -inf
0 -inf
0 -inf
0 -inf
0 -inf
0 -inf
0 -inf
0 -inf
0 -inf
0 -inf
0 -inf
0 -inf
0 -inf
0 -inf
0 -inf
0 -inf
0 -inf
0 -inf
0 -inf
0 -inf
0 -inf
0 -inf
0 -inf
0 -inf
0 -inf
0 -inf
0 -inf
0 -inf
0 -inf
0 -inf
0 -inf
0 -inf
0 -inf
0 -inf
0 -inf
0 -inf
0 -inf
0 -inf
0 -inf
0 -inf
0 -inf
0 -inf
0 -inf
0 -inf
0 -inf
0 -inf
0 -inf
0 -inf
0 -inf
0 -inf
0 -inf
0 -inf
0 -inf
0 -inf
0 -inf
0 -inf
0 -inf
0 -inf
0 -inf
0 -inf
0 -inf
0 -inf
0 -inf
0 -inf
0 -inf
0 -inf
0 -inf
0 -inf
0 -inf
0 -inf
0 -inf
0 -inf
0 -inf
0 -inf
0 -inf
0 -inf
0 -inf
0 -inf
0 -inf
0 -inf
0 -inf
0 -inf
0 -inf
0 -inf
0 -inf
0 -inf
0 -inf
0 -inf
0 -inf
0 -inf
0 -inf
0 -inf
0 -inf
0 -inf
0 -inf
0 -inf
0 -inf
0 -inf
0 -inf
0 -inf
0 -inf
0 -inf
0 -inf
0 -inf
0 -inf
0 -inf
0 -inf
0 -inf
0 -inf
0 -inf
0 -inf
0 -inf
0 -inf
0 -inf
0 -inf
0 -inf
0 -inf
0 -inf
0 -inf
0 -inf
0 -inf
0 -inf
0 -inf
0 -inf
0 -inf
0 -inf
0 -inf
0 -inf
0 -inf
0 -inf
0 -inf
0 -inf
0 -inf
0 -inf
0 -inf
0 -inf
0 -inf
0 -inf
0 -inf
0 -inf
0 -inf
0 -inf
0 -inf
0 -inf
0 -inf
0 -inf
0 -inf
0 -inf
0 -inf
0 -inf
0 -inf
0 -inf
0 -inf
0 -inf
0 -inf
0 -inf
0 -inf
0 -inf
0 -inf
0 -inf
0 -inf
0 -inf
0 -inf
0 -inf
0 -inf
0 -inf
0 -inf
0 -inf
0 -inf
0 -inf
0 -inf
0 -inf
0 -inf
0 -inf
0 -inf
0 -inf
0 -inf
0 -inf
0 -inf
0 -inf
0 -inf
0 -inf
0 -inf
0 -inf
0 -inf
0 -inf
0 -inf
0 -inf
0 -inf
0 -inf
0 -inf
0 -inf
0 -inf
0 -inf
0 -inf
0 -inf
0 -inf
0 -inf
0 -inf
0 -inf
0 -inf
0 -inf
0 -inf
0 -inf
0 -inf
0 -inf
0 -inf
0 -inf
0 -inf
0 -inf
0 -inf
0 -inf
0 -inf
0 -inf
0 -inf
0 -inf
0 -inf
0 -inf
0 -inf
0 -inf
0 -inf
0 -inf
0 -inf
0 -inf
0 -inf
0 -inf
0 -inf
0 -inf
0 -inf
0 -inf
0 -inf
0 -inf
0 -inf
0 -inf
0 -inf
0 -inf
0 -inf
0 -inf
0 -inf
0 -inf
0 -inf
0 -inf
0 -inf
0 -inf
0 -inf
0 -inf
0 -inf
0 -inf
0 -inf
0 -inf
0 -inf
0 -inf
0 -inf
0 -inf
0 -inf
0 -inf
0 -inf
0 -inf
0 -inf
0 -inf
0 -inf
0 -inf
0 -inf
0 -inf
0 -inf
0 -inf
0 -inf
0 -inf
0 -inf
0 -inf
0 -inf
0 -inf
0 -inf
0 -inf
0 -inf
0 -inf
0 -inf
0 -inf
0 -inf
0 -inf
0 -inf
0 -inf
0 -inf
0 -inf
0 -inf
0 -inf
0 -inf
0 -inf
0 -inf
0 -inf
0 -inf
0 -inf
0 -inf
0 -inf
0 -inf
0 -inf
0 -inf
0 -inf
0 -inf
0 -inf
0 -inf
0 -inf
0 -inf
0 -inf
0 -inf
0 -inf
0 -inf
0 -inf
0 -inf
0 -inf
0 -inf
0 -inf
0 -inf
0 -inf
0 -inf
0 -inf
0 -inf
0 -inf
0 -inf
0 -inf
0 -inf
0 -inf
0 -inf
0 -inf
0 -inf
0 -inf
0 -inf
0 -inf
0 -inf
0 -inf
0 -inf
0 -inf
0 -inf
0 -inf
0 -inf
0 -inf
0 -inf
0 -inf
0 -inf
0 -inf
0 -inf
0 -inf
0 -inf
0 -inf
0 -inf
0 -inf
0 -inf
0 -inf
0 -inf
0 -inf
0 -inf
0 -inf
0 -inf
0 -inf
0 -inf
0 -inf
0 -inf
0 -inf
0 -inf
0 -inf
0 -inf
0 -inf
0 -inf
0 -inf
0 -inf
0 -inf
0 -inf
0 -inf
0 -inf
0 -inf
0 -inf
0 -inf
0 -inf
0 -inf
0 -inf
0 -inf
0 -inf
0 -inf
0 -inf
0 -inf
0 -inf
0 -inf
0 -inf
0 -inf
0 -inf
0 -inf
0 -inf
0 -inf
0 -inf
0 -inf
0 -inf
0 -inf
0 -inf
0 -inf
0 -inf
0 -inf
0 -inf
0 -inf
0 -inf
0 -inf
0 -inf
0 -inf
0 -inf
0 -inf
0 -inf
0 -inf
0 -inf
0 -inf
0 -inf
0 -inf
0 -inf
0 -inf
0 -inf
0 -inf
0 -inf
0 -inf
0 -inf
0 -inf
0 -inf
0 -inf
0 -inf
0 -inf
0 -inf
0 -inf
0 -inf
0 -inf
0 -inf
0 -inf
0 -inf
0 -inf
0 -inf
0 -inf
0 -inf
0 -inf
0 -inf
0 -inf
0 -inf
0 -inf
0 -inf
0 -inf
0 -inf
0 -inf
0 -inf
0 -inf
0 -inf
0 -inf
0 -inf
0 -inf
0 -inf
0 -inf
0 -inf
0 -inf
0 -inf
0 -inf
0 -inf
0 -inf
0 -inf
0 -inf
0 -inf
0 -inf
0 -inf
0 -inf
0 -inf
0 -inf
0 -inf
0 -inf
0 -inf
0 -inf
0 -inf
0 -inf
0 -inf
0 -inf
0 -inf
0 -inf
0 -inf
0 -inf
0 -inf
0 -inf
0 -inf
0 -inf
0 -inf
0 -inf
0 -inf
0 -inf
0 -inf
0 -inf
0 -inf
0 -inf
0 -inf
0 -inf
0 -inf
0 -inf
0 -inf
0 -inf
0 -inf
0 -inf
0 -inf
0 -inf
0 -inf
0 -inf
0 -inf
0 -inf
0 -inf
0 -inf
0 -inf
0 -inf
0 -inf
0 -inf
0 -inf
0 -inf
0 -inf
0 -inf
0 -inf
0 -inf
0 -inf
0 -inf
0 -inf
0 -inf
0 -inf
0 -inf
0 -inf
0 -inf
0 -inf
0 -inf
0 -inf
0 -inf
0 -inf
0 -inf
0 -inf
0 -inf
0 -inf
0 -inf
0 -inf
0 -inf
0 -inf
0 -inf
0 -inf
0 -inf
0 -inf
0 -inf
0 -inf
0 -inf
0 -inf
0 -inf
0 -inf
0 -inf
0 -inf
0 -inf
0 -inf
0 -inf
0 -inf
0 -inf
0 -inf
0 -inf
0 -inf
0 -inf
0 -inf
0 -inf
0 -inf
0 -inf
0 -inf
0 -inf
0 -inf
0 -inf
0 -inf
0 -inf
0 -inf
0 -inf
0 -inf
0 -inf
0 -inf
0 -inf
0 -inf
0 -inf
0 -inf
0 -inf
0 -inf
0 -inf
0 -inf
0 -inf
0 -inf
0 -inf
0 -inf
0 -inf
0 -inf
0 -inf
0 -inf
0 -inf
0 -inf
0 -inf
0 -inf
0 -inf
0 -inf
0 -inf
0 -inf
0 -inf
0 -inf
0 -inf
0 -inf
0 -inf
0 -inf
0 -inf
0 -inf
0 -inf
0 -inf
0 -inf
0 -inf
0 -inf
0 -inf
0 -inf
0 -inf
0 -inf
0 -inf
0 -inf
0 -inf
0 -inf
0 -inf
0 -inf
0 -inf
0 -inf
0 -inf
0 -inf
0 -inf
0 -inf
0 -inf
0 -inf
0 -inf
0 -inf
0 -inf
0 -inf
0 -inf
0 -inf
0 -inf
0 -inf
0 -inf
0 -inf
0 -inf
0 -inf
0 -inf
0 -inf
0 -inf
0 -inf
0 -inf
0 -inf
0 -inf
0 -inf
0 -inf
0 -inf
0 -inf
0 -inf
0 -inf
0 -inf
0 -inf
0 -inf
0 -inf
0 -inf
0 -inf
0 -inf
0 -inf
0 -inf
0 -inf
0 -inf
0 -inf
0 -inf
0 -inf
0 -inf
0 -inf
0 -inf
0 -inf
0 -inf
0 -inf
0 -inf
0 -inf
0 -inf
0 -inf
0 -inf
0 -inf
0 -inf
0 -inf
0 -inf
0 -inf
0 -inf
0 -inf
0 -inf
0 -inf
0 -inf
0 -inf
0 -inf
0 -inf
0 -inf
0 -inf
0 -inf
0 -inf
0 -inf
0 -inf
0 -inf
0 -inf
0 -inf
0 -inf
0 -inf
0 -inf
0 -inf
0 -inf
0 -inf
0 -inf
0 -inf
0 -inf
0 -inf
0 -inf
0 -inf
0 -inf
0 -inf
0 -inf
0 -inf
0 -inf
0 -inf
0 -inf
0 -inf
0 -inf
0 -inf
0 -inf
0 -inf
0 -inf
0 -inf
0 -inf
0 -inf
0 -inf
0 -inf
0 -inf
0 -inf
0 -inf
0 -inf
0 -inf
0 -inf
0 -inf
0 -inf
0 -inf
0 -inf
0 -inf
0 -inf
0 -inf
0 -inf
0 -inf
0 -inf
0 -inf
0 -inf
0 -inf
0 -inf
0 -inf
0 -inf
0 -inf
0 -inf
0 -inf
0 -inf
0 -inf
0 -inf
0 -inf
0 -inf
0 -inf
0 -inf
0 -inf
0 -inf
0 -inf
0 -inf
0 -inf
0 -inf
0 -inf
0 -inf
0 -inf
0 -inf
0 -inf
0 -inf
0 -inf
0 -inf
0 -inf
0 -inf
0 -inf
0 -inf
0 -inf
0 -inf
0 -inf
0 -inf
0 -inf
0 -inf
0 -inf
0 -inf
0 -inf
0 -inf
0 -inf
0 -inf
0 -inf
0 -inf
0 -inf
0 -inf
0 -inf
0 -inf
0 -inf
0 -inf
0 -inf
0 -inf
0 -inf
0 -inf
0 -inf
0 -inf
0 -inf
0 -inf
0 -inf
0 -inf
0 -inf
0 -inf
0 -inf
0 -inf
0 -inf
0 -inf
0 -inf
0 -inf
0 -inf
0 -inf
0 -inf
0 -inf
0 -inf
0 -inf
0 -inf
0 -inf
0 -inf
0 -inf
0 -inf
0 -inf
0 -inf
0 -inf
0 -inf
0 -inf
0 -inf
0 -inf
0 -inf
0 -inf
0 -inf
0 -inf
0 -inf
0 -inf
0 -inf
0 -inf
